2018-05-26 22:07:15,https://www.facebook.com/,2346,462,389,989,1131,47,5364
2018-05-26 22:07:22,https://twitter.com/,289,141,180,1416,137,0,2163
2018-05-26 22:07:23,https://www.google.com/,437,100,259,833,632,19,2280
2018-05-26 22:07:29,https://www.youtube.com/,439,102,1287,791,204,2,2825
2018-05-26 22:07:38,https://www.linkedin.com/,249,234,99,1463,246,85,2376
2018-05-26 22:07:43,https://wordpress.org/,473,25,311,812,1481,0,3102
2018-05-26 22:07:47,https://www.instagram.com/,578,133,196,2129,586,2,3624
2018-05-26 22:07:51,https://www.pinterest.com/,904,224,83,624,4223,97,6155
2018-05-26 22:07:59,https://www.wikipedia.org/,771,34,313,3192,283,0,4593
2018-05-26 22:08:02,https://www.blogger.com/,1445,36,298,1256,836,1,3872
2018-05-26 22:08:03,https://wordpress.com/,809,48,552,407,3829,439,6084
2018-05-26 22:08:20,https://www.adobe.com/,494,201,317,9290,3744,246,14292
2018-05-26 22:08:36,https://www.apple.com/,690,34,1219,6638,814,23,9418
2018-05-26 22:08:39,https://www.tumblr.com/,1122,136,491,8304,1031,26,11110
2018-05-26 22:08:41,https://www.youtube.com/,911,279,505,8452,889,34,11070
2018-05-26 22:08:52,https://www.amazon.com/,686,128,624,3680,5193,115,10426
2018-05-26 22:08:52,https://goo.gl/,725,62,625,1188,1438,1,4039
2018-05-26 22:09:06,https://www.microsoft.com/,1414,182,392,2890,337,33,5248
2018-05-26 22:09:06,https://vimeo.com/,565,109,310,3555,7258,27,11824
2018-05-26 22:09:26,https://www.flickr.com/,1040,102,349,372,8154,11,10028
2018-05-26 22:09:50,https://www.godaddy.com/,2011,164,1377,894,1326,19,5791
2018-05-26 22:09:52,https://www.buydomains.com/,3333,402,757,2462,11711,137,18802
2018-05-26 22:09:52,https://www.yahoo.com/,1322,80,1150,4325,19420,70,26367
2018-05-26 22:10:05,https://vk.com/,3392,181,2819,6545,2500,268,15705
2018-05-26 22:10:05,https://www.w3.org/,4484,130,572,2707,392,1,8286
2018-05-26 22:10:13,http://t.co/,631,259,1453,24,196,0,2563
2018-05-26 22:10:16,http://baidu.com/,60,4,1697,26,125,0,1912
2018-05-26 22:10:19,https://www.baidu.com/,687,239,229,1581,396,27,3159
2018-05-26 22:10:23,https://www.reddit.com/,2735,1376,6513,3633,16378,18,30653
2018-05-26 22:10:29,https://www.nytimes.com/,3141,312,1163,13052,8780,11,26459
2018-05-26 22:10:30,http://europa.eu/,11,1,1683,1396,1488,2,4581
2018-05-26 22:10:32,https://www.gov.uk/,1545,65,507,999,1123,1,4240
2018-05-26 22:10:56,http://statcounter.com/,129,291,2232,3035,2273,1,7961
2018-05-26 22:10:56,https://www.weebly.com/,1459,147,345,3902,5680,2,11535
2018-05-26 22:11:01,https://www.blogger.com/,3470,134,921,1846,798,0,7169
2018-05-26 22:11:22,https://soundcloud.com/,2673,199,923,4047,20181,2,28025
2018-05-26 22:11:23,https://github.com/,3200,158,2829,4850,3398,2,14437
2018-05-26 22:11:27,http://www.bbc.com/,1880,29,146,7048,15325,126,24554
2018-05-26 22:11:27,https://www.mozilla.org/,3203,26,884,1240,3712,1,9066
2018-05-26 22:11:27,https://www.google.de/,3221,352,4728,1042,4496,112,13951
2018-05-26 22:11:48,https://yandex.ru/,1554,397,1482,8581,5775,7,17796
2018-05-26 22:11:49,https://myspace.com/,3651,187,1566,15934,11672,142,33152
2018-05-26 22:11:49,https://www.jimdo.com/,1275,142,761,1443,14389,15,18025
2018-05-26 22:12:00,https://www.bluehost.com/,3370,558,1110,4390,4214,5,13647
2018-05-26 22:12:02,https://wordpress.com/,5563,96,985,3557,8422,403,19026
2018-05-26 22:12:09,https://www.addthis.com/,1565,114,922,1669,5342,336,9948
2018-05-26 22:12:26,http://en.gravatar.com/,1501,132,701,2296,822,0,5452
2018-05-26 22:12:31,https://www.google.co.jp/,7951,356,3227,866,4386,82,16868
2018-05-26 22:12:31,https://www.nih.gov/,4496,42,1004,2371,3894,73,11880
2018-05-26 22:12:39,http://ascii.co.uk/,144,103,2460,1670,14176,22,18575
2018-05-26 22:12:39,https://www.wix.com/,7687,132,1078,4731,10506,2,24136
2018-05-26 22:12:45,https://www.paypal.com/,4230,394,1045,912,2573,38,9192
2018-05-26 22:12:45,https://outlook.live.com/,2061,99,912,4523,1080,0,8675
2018-05-26 22:13:02,https://www.elegantthemes.com/,2551,57,816,2503,1290,5,7222
2018-05-26 22:13:34,https://www.123-reg.co.uk/,1926,3,710,471,5933,1593,10636
2018-05-26 22:13:36,https://www.tripadvisor.com/,1757,280,1007,751,6490,51,10336
2018-05-26 22:13:50,https://issuu.com/,1789,108,333,2492,1965,35,6722
2018-05-26 22:13:57,http://www.stumbleupon.com/,3637,149,828,1302,3483,283,9682
2018-05-26 22:14:06,https://www.huffingtonpost.com/,5116,30,805,5003,13968,8,24930
2018-05-26 22:14:06,https://www.stumbleupon.com/,49,85,781,3079,1873,76,5943
2018-05-26 22:14:37,https://creativecommons.org/,2036,123,1743,6392,8568,2,18864
2018-05-26 22:15:06,https://www.parallels.com/,14490,846,3097,988,12410,31,31862
2018-05-26 22:15:07,https://www.google.co.uk/,13192,87,7490,841,10175,58,31843
2018-05-26 22:15:07,https://aws.amazon.com/,8298,0,7487,14948,3469,6,34208
2018-05-26 22:15:14,https://www.addtoany.com/,5862,64,7601,311,18592,1,32431
2018-05-26 22:15:15,https://www.msn.com/,7486,166,9167,5522,7374,44,29759
2018-05-26 22:15:17,https://www.dropbox.com/,12967,913,7090,436,25359,31,46796
2018-05-26 22:15:42,https://www.e-recht24.de/,14229,501,5460,3023,4229,196,27638
2018-05-26 22:15:55,https://www.opera.com/,19686,185,6753,527,26015,3,53169
2018-05-26 22:15:55,https://www.etsy.com/,3304,629,1653,15889,8364,1,29840
2018-05-26 22:16:18,https://archive.org/,9751,218,17590,1369,984,122,30034
2018-05-26 22:16:27,https://cpanel.com/,16377,65,16222,971,891,8,34534
2018-05-26 22:16:36,https://www.bing.com/,12909,813,2320,3018,641,1,19702
2018-05-26 22:16:36,http://www.free.fr/,8932,0,7979,4954,3096,0,24961
2018-05-26 22:16:47,https://cpanel.com/,7711,568,2511,2457,8846,4,22097
2018-05-26 22:17:00,https://www.ebay.com/,10334,101,12473,8286,12333,23,43550
2018-05-26 22:17:00,https://fc2.com/,9518,104,10794,8499,12735,2,41652
2018-05-26 22:17:07,https://ameblo.jp/,11353,200,16511,13128,20183,1,61376
2018-05-26 22:17:09,https://www.amazon.co.uk/,19021,478,7540,7297,30164,25,64525
2018-05-26 22:17:34,https://www.bloomberg.com/,6404,706,2950,1285,16074,169,27588
2018-05-26 22:17:54,https://www.wikimedia.org/,11875,297,1700,11,16431,0,30314
2018-05-26 22:18:06,http://www.typepad.com/,4055,217,1458,26862,2424,1,35017
2018-05-26 22:18:10,http://www.dailymail.co.uk/,14991,246,6155,4418,53151,120,79081
2018-05-26 22:18:13,https://weibo.com/,14093,1018,21726,4339,34388,18,75582
