2018-05-28 13:17:54,https://twitter.com/,3801,122,523,4606,1808,1,10861
2018-05-28 13:17:56,https://www.google.com/,4956,262,499,3810,4393,89,14009
2018-05-28 13:18:01,https://www.youtube.com/,2599,260,701,12515,1066,2,17143
2018-05-28 13:18:03,https://www.facebook.com/,4925,187,162,9986,6382,655,22297
2018-05-28 13:18:04,https://www.linkedin.com/,459,273,413,9703,940,245,12033
2018-05-28 13:18:04,https://wordpress.org/,933,47,707,2588,4730,0,9005
2018-05-28 13:18:07,https://www.instagram.com/,1510,121,1174,3178,351,2,6336
2018-05-28 13:18:16,https://www.pinterest.com/,2190,340,87,1956,8443,209,13225
2018-05-28 13:18:18,https://www.blogger.com/,2299,35,378,2413,280,0,5405
2018-05-28 13:18:19,https://wordpress.com/,913,107,544,688,7244,89,9585
2018-05-28 13:18:21,https://www.wikipedia.org/,1367,37,1154,9922,74,1,12555
2018-05-28 13:18:34,https://www.adobe.com/,528,43,476,6474,5484,480,13485
2018-05-28 13:18:48,https://www.apple.com/,671,29,346,5326,687,28,7087
2018-05-28 13:18:51,https://www.tumblr.com/,1153,166,329,8599,1411,54,11712
2018-05-28 13:18:53,https://www.youtube.com/,1125,100,578,5767,114,8,7692
2018-05-28 13:19:00,https://www.amazon.com/,816,185,1000,1703,1733,16,5453
2018-05-28 13:19:04,https://goo.gl/,495,88,331,1149,659,1,2723
2018-05-28 13:19:20,https://vimeo.com/,477,158,267,3843,7093,17,11855
2018-05-28 13:19:20,https://www.microsoft.com/,1567,174,242,2962,380,33,5358
2018-05-28 13:19:36,https://www.flickr.com/,2170,88,316,363,3964,21,6922
2018-05-28 13:19:49,https://www.yahoo.com/,887,79,611,1933,7040,30,10580
2018-05-28 13:19:53,https://www.buydomains.com/,3169,281,1224,1373,3136,27,9210
2018-05-28 13:20:00,https://www.godaddy.com/,1187,327,577,664,2042,51,4848
2018-05-28 13:20:08,https://vk.com/,2059,171,871,3669,2308,65,9143
2018-05-28 13:20:17,https://www.w3.org/,2045,156,591,1350,2634,10,6786
2018-05-28 13:20:20,https://www.reddit.com/,1905,661,2120,1590,10180,35,16491
2018-05-28 13:20:24,http://t.co/,197,112,1336,149,428,1,2223
2018-05-28 13:20:30,http://baidu.com/,46,125,1608,40,66,0,1885
2018-05-28 13:20:32,https://www.nytimes.com/,2418,64,598,7753,6474,23,17330
2018-05-28 13:20:34,https://www.baidu.com/,1028,273,657,2155,380,8,4501
2018-05-28 13:20:43,http://europa.eu/,8,31,867,1802,2201,3,4912
2018-05-28 13:20:45,https://www.gov.uk/,1082,26,259,806,1098,0,3271
2018-05-28 13:21:07,http://statcounter.com/,87,290,1596,2426,2803,0,7202
2018-05-28 13:21:08,https://www.weebly.com/,1483,165,563,2854,5036,2,10103
2018-05-28 13:21:11,https://www.blogger.com/,2905,34,504,1211,418,0,5072
2018-05-28 13:21:22,https://soundcloud.com/,1548,305,1157,3279,10008,1,16298
2018-05-28 13:21:25,http://www.bbc.com/,495,39,339,5607,7542,28,14050
2018-05-28 13:21:30,https://www.mozilla.org/,750,142,483,199,2677,2,4253
2018-05-28 13:21:32,https://www.google.de/,2630,231,1425,1621,2453,25,8385
2018-05-28 13:21:32,https://github.com/,1609,106,2622,5680,2065,3,12085
2018-05-28 13:21:45,https://myspace.com/,1609,183,565,7121,3904,114,13496
2018-05-28 13:21:51,https://yandex.ru/,1879,328,1844,6351,772,5,11179
2018-05-28 13:21:55,https://www.jimdo.com/,1344,51,942,2048,8323,14,12722
2018-05-28 13:22:04,https://wordpress.com/,3348,45,369,335,4181,530,8808
2018-05-28 13:22:06,https://www.bluehost.com/,1551,977,495,3423,1797,5,8248
2018-05-28 13:22:31,https://www.addthis.com/,1257,15,464,15499,1544,2,18781
2018-05-28 13:22:35,https://www.google.co.jp/,1486,149,2374,427,4392,13,8841
2018-05-28 13:22:44,http://en.gravatar.com/,2748,134,1066,3126,1355,0,8429
2018-05-28 13:22:44,https://www.nih.gov/,7424,119,1634,4084,1524,11,14796
2018-05-28 13:22:48,https://www.wix.com/,5770,341,4777,2388,8718,2,21996
2018-05-28 13:22:49,http://ascii.co.uk/,173,106,2675,1370,11975,16,16315
2018-05-28 13:22:54,https://www.paypal.com/,4059,376,730,669,2516,43,8393
2018-05-28 13:22:55,https://outlook.live.com/,1360,250,934,3613,939,0,7096
2018-05-28 13:23:14,https://www.elegantthemes.com/,1984,65,288,847,2724,4,5912
2018-05-28 13:23:21,https://www.cnn.com/,4225,24,787,8674,22508,255,36473
2018-05-28 13:23:43,https://www.123-reg.co.uk/,1501,87,607,832,3227,605,6859
2018-05-28 13:23:49,https://www.tripadvisor.com/,2069,760,322,417,4158,34,7760
2018-05-28 13:24:00,https://issuu.com/,1571,129,825,1006,1729,59,5319
2018-05-28 13:24:06,https://www.huffingtonpost.com/,1718,26,1817,3679,6817,11,14068
2018-05-28 13:24:09,http://www.stumbleupon.com/,3224,79,386,913,3038,153,7793
2018-05-28 13:24:13,https://www.stumbleupon.com/,10,90,390,692,2051,160,3393
2018-05-28 13:24:37,http://digg.com/,118,176,1775,2950,9069,117,14205
2018-05-28 13:24:43,https://creativecommons.org/,2397,25,682,4780,12576,3,20463
2018-05-28 13:24:56,https://www.google.co.uk/,7336,95,2333,1120,4307,11,15202
2018-05-28 13:25:02,https://aws.amazon.com/,3586,3,1627,6863,3742,6,15827
2018-05-28 13:25:05,https://www.imdb.com/,2298,388,9835,5677,14155,19,32372
2018-05-28 13:25:07,https://www.parallels.com/,8760,212,4691,854,19361,3,33881
2018-05-28 13:25:07,https://www.dropbox.com/,6417,217,1954,448,16663,13,25712
2018-05-28 13:25:17,https://www.addtoany.com/,11956,118,3026,727,3516,2,19345
2018-05-28 13:25:27,https://www.msn.com/,10255,174,4682,3812,2539,58,21520
2018-05-28 13:25:31,https://www.e-recht24.de/,5452,417,3015,4408,3278,343,16913
2018-05-28 13:25:36,https://www.opera.com/,6300,15,3082,2254,18068,4,29723
2018-05-28 13:25:36,http://go.com/,100,38,6378,5277,19712,4,31509
2018-05-28 13:25:56,https://www.etsy.com/,3525,274,1591,7560,6019,6,18975
2018-05-28 13:25:57,https://www.forbes.com/,13516,89,4434,725,44555,205,63524
2018-05-28 13:26:10,https://archive.org/,5163,273,5419,915,1721,106,13597
2018-05-28 13:26:15,https://www.washingtonpost.com/,8631,56,1585,7564,19390,937,38163
2018-05-28 13:26:15,https://cpanel.com/,5251,79,2696,1175,2264,6,11471
2018-05-28 13:26:30,https://www.xing.com/,2605,442,2624,7994,15992,2,29659
2018-05-28 13:26:30,https://www.eventbrite.com/,9958,589,3828,9789,19921,336,44421
2018-05-28 13:26:42,http://www.free.fr/,6477,23,6201,1774,2242,0,16717
2018-05-28 13:26:44,https://www.bing.com/,10690,217,1580,2001,163,2,14653
2018-05-28 13:26:49,https://fc2.com/,5399,105,10363,2276,7943,646,26732
2018-05-28 13:26:52,https://www.ebay.com/,8210,134,10623,4522,8497,78,32064
2018-05-28 13:27:01,https://cpanel.com/,6714,403,2637,1848,14424,7,26033
2018-05-28 13:27:02,https://www.amazon.co.uk/,14738,189,8102,6147,13937,22,43135
2018-05-28 13:27:48,https://www.bloomberg.com/,3785,132,1506,2659,21849,68,29999
2018-05-28 13:27:48,https://www.wikimedia.org/,7316,513,2502,131,1060,0,11522
2018-05-28 13:27:48,http://www.typepad.com/,2854,262,772,1192,2719,9,7808
2018-05-28 13:27:56,https://weibo.com/,8646,972,2569,5970,24989,2,43148
2018-05-28 13:28:10,https://www.aol.com/,4635,275,1351,6415,17900,767,31343
