2018-05-25 23:34:11,https://www.facebook.com/,2414,215,823,4041,2055,74,9622
2018-05-25 23:34:15,https://www.google.com/,605,163,163,628,821,18,2398
2018-05-25 23:34:15,https://twitter.com/,305,138,327,1039,582,2,2393
2018-05-25 23:34:23,https://www.youtube.com/,370,84,1505,1149,2351,2,5461
2018-05-25 23:34:32,https://www.linkedin.com/,263,985,300,1712,647,189,4096
2018-05-25 23:34:39,https://wordpress.org/,498,80,343,1499,2812,0,5232
2018-05-25 23:34:41,https://www.instagram.com/,944,109,309,3011,359,6,4738
2018-05-25 23:34:53,https://www.pinterest.com/,828,493,361,1264,11344,116,14406
2018-05-25 23:34:54,https://www.wikipedia.org/,1164,65,447,3466,568,0,5710
2018-05-25 23:34:57,https://www.blogger.com/,1603,35,594,2879,410,0,5521
2018-05-25 23:35:00,https://wordpress.com/,932,48,1005,686,6303,307,9281
2018-05-25 23:35:10,https://www.adobe.com/,794,38,436,3641,6581,456,11946
2018-05-25 23:35:25,https://www.apple.com/,880,52,579,5293,466,31,7301
2018-05-25 23:35:28,https://www.tumblr.com/,920,188,396,7284,885,33,9706
2018-05-25 23:35:38,https://www.youtube.com/,5525,64,1237,3993,4254,2,15075
2018-05-25 23:35:45,https://www.amazon.com/,947,121,523,4145,7064,24,12824
2018-05-25 23:35:46,https://goo.gl/,918,120,473,1593,2068,1,5173
2018-05-25 23:35:57,https://www.microsoft.com/,1729,185,386,2459,1233,34,6026
2018-05-25 23:36:01,https://vimeo.com/,1094,146,445,2744,9031,38,13498
2018-05-25 23:36:14,https://www.flickr.com/,944,107,320,344,5320,11,7046
2018-05-25 23:36:42,https://www.godaddy.com/,2854,448,1610,636,1109,22,6679
2018-05-25 23:36:43,https://www.yahoo.com/,1082,107,1018,5359,17900,30,25496
2018-05-25 23:36:48,https://www.buydomains.com/,2582,1275,2018,3598,13457,77,23007
2018-05-25 23:36:54,https://vk.com/,2755,182,2308,4991,5777,49,16062
2018-05-25 23:36:54,http://www.qq.com/,891,56,505,6273,20326,2,28053
2018-05-25 23:36:59,https://www.w3.org/,4342,66,605,1301,2954,1,9269
2018-05-25 23:37:03,https://www.reddit.com/,2143,1219,5888,2214,8035,7,19506
2018-05-25 23:37:05,http://t.co/,129,122,2061,88,385,1,2786
2018-05-25 23:37:08,http://baidu.com/,16,493,1473,4,71,0,2057
2018-05-25 23:37:13,https://www.baidu.com/,948,267,300,3783,370,3,5671
2018-05-25 23:37:14,https://www.nytimes.com/,1434,112,751,9171,9353,13,20834
2018-05-25 23:37:21,http://europa.eu/,30,17,1004,2264,1907,3,5225
2018-05-25 23:37:24,https://www.gov.uk/,1147,42,447,1209,811,1,3657
2018-05-25 23:37:47,http://statcounter.com/,98,356,2196,2774,2762,1,8187
2018-05-25 23:37:48,https://www.weebly.com/,1390,142,338,4067,6544,2,12483
2018-05-25 23:37:53,https://www.blogger.com/,4469,32,555,1419,613,0,7088
2018-05-25 23:37:59,https://soundcloud.com/,2991,151,668,3774,6716,1,14301
2018-05-25 23:38:06,https://www.mozilla.org/,361,199,391,796,1665,3,3415
2018-05-25 23:38:11,https://github.com/,1481,127,1004,5938,3499,1,12050
2018-05-25 23:38:14,http://www.bbc.com/,1000,125,401,6071,11162,167,18926
2018-05-25 23:38:16,https://www.google.de/,4335,210,2442,1068,4086,16,12157
2018-05-25 23:38:25,https://myspace.com/,2055,192,1051,6776,6643,140,16857
2018-05-25 23:38:34,https://yandex.ru/,1738,690,1195,6656,3150,11,13440
2018-05-25 23:38:37,https://www.jimdo.com/,1378,238,655,2181,11476,1,15929
2018-05-25 23:38:42,https://wordpress.com/,2494,52,532,412,3824,76,7390
2018-05-25 23:38:44,https://www.bluehost.com/,1573,1738,333,3433,1144,25,8246
2018-05-25 23:38:55,https://www.addthis.com/,1157,59,274,1406,5032,318,8246
2018-05-25 23:39:15,https://www.google.co.jp/,4029,98,4527,442,3639,14,12749
2018-05-25 23:39:16,https://www.theguardian.com/,2983,29,955,6203,20577,40,30787
2018-05-25 23:39:22,http://en.gravatar.com/,2015,179,1074,3796,987,1,8052
2018-05-25 23:39:23,https://www.nih.gov/,5250,46,1176,5984,1168,6,13630
2018-05-25 23:39:28,http://ascii.co.uk/,270,115,2696,1470,13909,19,18479
2018-05-25 23:39:28,https://www.wix.com/,4386,141,3365,5526,10457,5,23880
2018-05-25 23:39:34,https://outlook.live.com/,1679,50,787,3827,971,1,7315
2018-05-25 23:39:34,https://www.paypal.com/,4212,316,1282,902,2069,86,8867
2018-05-25 23:39:51,https://www.elegantthemes.com/,2152,99,505,610,3006,17,6389
2018-05-25 23:39:57,https://www.cnn.com/,4804,91,817,8913,18385,300,33310
2018-05-25 23:40:23,https://www.123-reg.co.uk/,1075,76,624,729,5295,1302,9101
2018-05-25 23:40:25,https://www.tripadvisor.com/,1227,326,420,793,4490,45,7301
2018-05-25 23:40:45,https://issuu.com/,1181,150,805,2670,8599,7,13412
2018-05-25 23:40:45,http://www.stumbleupon.com/,3825,82,534,1002,463,2,5908
2018-05-25 23:40:53,https://www.huffingtonpost.com/,1886,67,1664,4378,16215,11,24221
2018-05-25 23:40:53,https://www.stumbleupon.com/,25,89,491,1388,1201,131,3325
2018-05-25 23:41:19,http://digg.com/,232,180,1710,5142,14377,100,21741
2018-05-25 23:41:22,https://creativecommons.org/,3397,186,1539,4850,12074,2,22048
2018-05-25 23:41:37,https://www.google.co.uk/,6612,108,2341,1758,8058,16,18893
2018-05-25 23:41:42,https://www.parallels.com/,9446,228,842,1070,16223,120,27929
2018-05-25 23:41:42,https://www.dropbox.com/,6064,167,1997,843,13344,11,22426
2018-05-25 23:41:49,https://aws.amazon.com/,2698,75,2391,16989,7182,6,29341
2018-05-25 23:41:52,https://www.imdb.com/,5784,312,4103,6266,24128,143,40736
2018-05-25 23:42:05,https://www.msn.com/,9361,233,7120,6660,2416,105,25895
2018-05-25 23:42:05,https://www.addtoany.com/,11499,99,7014,694,8591,1,27898
2018-05-25 23:42:13,https://www.opera.com/,8821,211,5552,1754,882,5189,22409
2018-05-25 23:42:13,https://www.e-recht24.de/,6921,676,12323,2501,2509,311,25241
2018-05-25 23:42:51,https://archive.org/,4589,286,8229,2292,1663,30,17089
2018-05-25 23:42:58,https://cpanel.com/,8247,67,6358,441,1111,4,16228
2018-05-25 23:43:14,https://www.eventbrite.com/,10756,1518,7100,9423,18180,193,47170
2018-05-25 23:43:16,https://ameblo.jp/,9171,1629,5055,6042,1586,36,23519
2018-05-25 23:43:20,https://www.xing.com/,3183,511,18567,8994,10089,24,41368
2018-05-25 23:43:22,https://www.bing.com/,10961,73,1913,2426,960,2,16335
2018-05-25 23:43:29,https://fc2.com/,8123,4486,5573,3722,7406,238,29548
2018-05-25 23:43:38,https://cpanel.com/,6833,153,2907,4882,9192,14,23981
2018-05-25 23:43:47,https://www.ebay.com/,7476,7263,5917,8207,11113,119,40095
2018-05-25 23:43:52,https://www.amazon.co.uk/,18099,204,5510,13054,19879,53,56799
2018-05-25 23:44:00,https://www.reuters.com/,7168,108,3148,21317,16932,285,48958
2018-05-25 23:44:34,https://www.wikimedia.org/,14159,49,2262,132,3446,0,20048
2018-05-25 23:44:36,http://www.typepad.com/,3789,118,1318,2739,4716,51,12731
2018-05-25 23:44:37,https://www.bloomberg.com/,2563,139,2166,1896,39819,439,47022
2018-05-25 23:44:42,https://weibo.com/,9123,857,1282,4054,42513,2,57831
