"2018-05-29 20:33:01";"https://www.facebook.com/";"2586";"622";"205";"1037";"1129";"46";"5625"
"2018-05-29 20:33:07";"https://twitter.com/";"308";"106";"250";"1124";"883";"0";"2671"
"2018-05-29 20:33:08";"https://www.google.com/";"455";"101";"193";"926";"2314";"15";"4004"
"2018-05-29 20:33:16";"https://www.youtube.com/";"428";"146";"642";"3359";"991";"2";"5568"
"2018-05-29 20:33:30";"https://www.linkedin.com/";"564";"992";"257";"5002";"1296";"360";"8471"
"2018-05-29 20:33:33";"https://wordpress.org/";"715";"36";"532";"1980";"3052";"0";"6315"
"2018-05-29 20:33:35";"https://www.instagram.com/";"1587";"218";"284";"2818";"843";"7";"5757"
"2018-05-29 20:33:50";"https://www.wikipedia.org/";"1238";"35";"395";"964";"6826";"0";"9458"
"2018-05-29 20:33:50";"https://www.blogger.com/";"1350";"82";"621";"4040";"829";"0";"6922"
"2018-05-29 20:33:50";"https://www.pinterest.com/";"1609";"360";"60";"1660";"14166";"373";"18228"
"2018-05-29 20:33:54";"https://wordpress.com/";"958";"87";"1166";"7375";"2572";"212";"12370"
"2018-05-29 20:34:13";"https://www.adobe.com/";"1503";"104";"524";"15074";"4361";"171";"21737"
"2018-05-29 20:34:24";"https://www.apple.com/";"1801";"34";"1000";"9093";"259";"35";"12222"
"2018-05-29 20:34:28";"https://www.tumblr.com/";"1594";"114";"482";"11161";"1408";"34";"14793"
"2018-05-29 20:34:28";"https://www.youtube.com/";"1462";"237";"760";"10327";"131";"2";"12919"
"2018-05-29 20:34:38";"https://goo.gl/";"1030";"62";"517";"1720";"1989";"1";"5319"
"2018-05-29 20:34:38";"https://www.amazon.com/";"1484";"121";"557";"4192";"4712";"54";"11120"
"2018-05-29 20:34:50";"https://www.microsoft.com/";"1703";"619";"388";"2604";"392";"24";"5730"
"2018-05-29 20:34:52";"https://vimeo.com/";"1593";"111";"581";"1650";"7082";"81";"11098"
"2018-05-29 20:35:17";"https://www.flickr.com/";"1101";"108";"355";"617";"13111";"13";"15305"
"2018-05-29 20:35:36";"https://www.buydomains.com/";"3006";"314";"728";"1265";"10509";"101";"15923"
"2018-05-29 20:35:36";"https://www.godaddy.com/";"1922";"416";"2982";"1413";"1424";"27";"8184"
"2018-05-29 20:35:40";"https://www.yahoo.com/";"1488";"79";"1312";"5330";"21072";"239";"29520"
"2018-05-29 20:35:44";"https://vk.com/";"2055";"169";"1089";"3397";"4663";"100";"11473"
"2018-05-29 20:35:50";"https://www.w3.org/";"4115";"105";"832";"921";"2055";"1";"8029"
"2018-05-29 20:35:58";"http://t.co/";"399";"70";"4035";"73";"293";"1";"4871"
"2018-05-29 20:36:03";"http://baidu.com/";"39";"24";"3393";"55";"117";"1";"3629"
"2018-05-29 20:36:11";"https://www.baidu.com/";"1077";"278";"173";"4077";"720";"3";"6328"
"2018-05-29 20:36:11";"https://www.reddit.com/";"3785";"478";"3439";"3936";"24061";"48";"35747"
"2018-05-29 20:36:15";"http://europa.eu/";"58";"28";"2245";"1668";"1587";"2";"5588"
"2018-05-29 20:36:18";"https://www.gov.uk/";"2819";"83";"511";"1156";"1024";"1";"5594"
"2018-05-29 20:36:21";"https://www.nytimes.com/";"2737";"35";"1787";"14331";"16226";"25";"35141"
"2018-05-29 20:36:41";"https://www.weebly.com/";"1340";"161";"306";"4471";"7192";"15";"13485"
"2018-05-29 20:36:41";"http://statcounter.com/";"116";"499";"2805";"2590";"2717";"1";"8728"
"2018-05-29 20:36:45";"https://www.blogger.com/";"4262";"109";"647";"1380";"447";"0";"6845"
"2018-05-29 20:37:01";"https://soundcloud.com/";"2498";"463";"816";"4006";"16509";"1";"24293"
"2018-05-29 20:37:06";"https://www.mozilla.org/";"953";"136";"512";"3850";"861";"1";"6313"
"2018-05-29 20:37:08";"https://github.com/";"2780";"96";"2553";"7585";"2698";"2";"15714"
"2018-05-29 20:37:11";"https://www.google.de/";"2132";"289";"1644";"2448";"5833";"95";"12441"
"2018-05-29 20:37:27";"https://www.jimdo.com/";"1258";"117";"1082";"1407";"7929";"1";"11794"
"2018-05-29 20:37:48";"https://www.bluehost.com/";"3190";"1210";"6607";"2776";"1784";"25";"15592"
"2018-05-29 20:37:49";"https://wordpress.com/";"6178";"58";"888";"590";"13132";"409";"21255"
"2018-05-29 20:38:09";"https://www.addthis.com/";"3795";"66";"746";"2328";"14647";"167";"21749"
"2018-05-29 20:38:16";"http://en.gravatar.com/";"3328";"114";"783";"2881";"853";"1";"7960"
"2018-05-29 20:38:24";"https://www.nih.gov/";"8091";"43";"1686";"3868";"3647";"54";"17389"
"2018-05-29 20:38:25";"https://www.google.co.jp/";"7461";"112";"5976";"1920";"8443";"32";"23944"
"2018-05-29 20:38:26";"https://www.theguardian.com/";"9411";"138";"629";"3936";"29022";"24";"43160"
"2018-05-29 20:38:27";"http://ascii.co.uk/";"216";"106";"5088";"1457";"14796";"116";"21779"
"2018-05-29 20:38:28";"https://www.wix.com/";"4347";"260";"5752";"2886";"13995";"4";"27244"
"2018-05-29 20:38:35";"https://www.paypal.com/";"6442";"314";"1491";"860";"2779";"32";"11918"
"2018-05-29 20:38:41";"https://outlook.live.com/";"2365";"118";"1297";"6942";"3398";"0";"14120"
"2018-05-29 20:38:46";"https://www.elegantthemes.com/";"2931";"54";"1110";"1410";"1756";"13";"7274"
"2018-05-29 20:39:17";"https://www.123-reg.co.uk/";"1617";"49";"759";"804";"5828";"877";"9934"
"2018-05-29 20:39:20";"https://www.tripadvisor.com/";"1341";"255";"528";"626";"5888";"17";"8655"
"2018-05-29 20:39:35";"https://issuu.com/";"1634";"91";"671";"3196";"5492";"3";"11087"
"2018-05-29 20:39:38";"http://www.stumbleupon.com/";"2816";"85";"814";"785";"605";"2";"5107"
"2018-05-29 20:39:50";"https://www.stumbleupon.com/";"48";"81";"620";"2275";"2488";"106";"5618"
"2018-05-29 20:40:44";"https://creativecommons.org/";"5391";"160";"13459";"5436";"16398";"2";"40846"
"2018-05-29 20:40:46";"https://aws.amazon.com/";"6058";"394";"6059";"9500";"9448";"41";"31500"
"2018-05-29 20:40:50";"https://www.google.co.uk/";"9504";"118";"13924";"853";"15291";"130";"39820"
"2018-05-29 20:40:56";"https://www.parallels.com/";"9970";"222";"8249";"1459";"24498";"7";"44405"
"2018-05-29 20:41:05";"https://www.addtoany.com/";"15913";"73";"12397";"290";"13571";"1";"42245"
"2018-05-29 20:41:06";"https://www.dropbox.com/";"13514";"353";"7852";"223";"32168";"51";"54161"
"2018-05-29 20:41:28";"https://www.e-recht24.de/";"22706";"946";"1792";"4565";"4983";"475";"35467"
"2018-05-29 20:41:38";"https://www.msn.com/";"15978";"167";"5849";"4793";"20043";"47";"46877"
"2018-05-29 20:41:38";"https://www.opera.com/";"11762";"198";"11790";"906";"17672";"75";"42403"
"2018-05-29 20:41:38";"https://www.etsy.com/";"7392";"278";"1517";"16170";"1797";"1";"27155"
"2018-05-29 20:42:10";"https://archive.org/";"17698";"210";"23116";"1771";"947";"51";"43793"
"2018-05-29 20:42:19";"https://www.bing.com/";"12381";"565";"3343";"1194";"917";"1";"18401"
"2018-05-29 20:42:24";"http://www.free.fr/";"9045";"36";"5372";"8325";"3548";"0";"26326"
"2018-05-29 20:42:33";"https://www.xing.com/";"13448";"264";"17618";"6089";"7321";"2";"44742"
"2018-05-29 20:42:35";"https://cpanel.com/";"24853";"59";"14121";"2837";"13787";"5";"55662"
"2018-05-29 20:42:35";"https://cpanel.com/";"8270";"188";"4995";"1837";"10829";"4";"26123"
"2018-05-29 20:42:51";"https://ameblo.jp/";"13105";"223";"12055";"15120";"14351";"0";"54854"
"2018-05-29 20:42:52";"https://fc2.com/";"8411";"162";"9972";"2987";"29001";"305";"50838"
"2018-05-29 20:42:53";"https://www.ebay.com/";"9960";"353";"10075";"12379";"20728";"38";"53533"
"2018-05-29 20:42:57";"https://www.amazon.co.uk/";"22386";"823";"4931";"7529";"31120";"30";"66819"
"2018-05-29 20:43:18";"https://www.wikimedia.org/";"6488";"1";"2070";"135";"1115";"0";"9809"
"2018-05-29 20:43:18";"http://www.typepad.com/";"2243";"91";"522";"994";"2024";"0";"5874"
"2018-05-29 20:43:47";"https://www.aol.com/";"4194";"222";"408";"5293";"25804";"862";"36783"
