2018-06-06 14:36:53,https://www.facebook.com/,2382,2652,227,590,1390,26,7267
2018-06-06 14:36:58,https://twitter.com/,278,108,239,687,1444,4,2760
2018-06-06 14:37:00,https://www.google.com/,574,106,303,871,1309,29,3192
2018-06-06 14:37:07,https://www.youtube.com/,327,82,617,1393,2681,12,5112
2018-06-06 14:37:21,https://www.linkedin.com/,329,1885,121,312,5073,417,8137
2018-06-06 14:37:25,https://wordpress.org/,790,86,569,1322,3026,0,5793
2018-06-06 14:37:28,https://www.instagram.com/,1223,294,218,3855,467,3,6060
2018-06-06 14:37:40,https://www.pinterest.com/,1353,185,71,919,13385,368,16281
2018-06-06 14:37:41,https://www.wikipedia.org/,1045,35,414,1814,6085,1,9394
2018-06-06 14:37:42,https://www.blogger.com/,2332,44,280,4069,576,0,7301
2018-06-06 14:37:46,https://wordpress.com/,927,52,1578,6338,3059,463,12417
2018-06-06 14:37:51,https://www.adobe.com/,986,33,415,4217,2332,225,8208
2018-06-06 14:38:11,https://www.apple.com/,619,49,805,6829,1370,17,9689
2018-06-06 14:38:16,https://www.tumblr.com/,722,138,443,10584,1031,16,12934
2018-06-06 14:38:27,https://www.youtube.com/,1254,76,832,8022,8275,7,18466
2018-06-06 14:38:32,https://goo.gl/,309,57,1629,1604,3258,1,6858
2018-06-06 14:38:46,https://www.microsoft.com/,1947,218,489,3656,2172,31,8513
2018-06-06 14:38:53,https://www.amazon.com/,1011,150,832,5018,27642,23,34676
2018-06-06 14:38:55,https://vimeo.com/,1261,109,1751,5789,10039,17,18966
2018-06-06 14:39:05,https://www.flickr.com/,2643,128,853,1013,5327,33,9997
2018-06-06 14:39:28,https://www.godaddy.com/,2380,465,1549,714,1502,52,6662
2018-06-06 14:39:31,https://www.yahoo.com/,1699,86,2288,6655,17487,49,28264
2018-06-06 14:39:41,https://www.buydomains.com/,5552,313,2793,3072,15084,83,26897
2018-06-06 14:39:43,https://www.w3.org/,3810,321,940,1282,2719,1,9073
2018-06-06 14:39:43,https://vk.com/,4968,245,3084,4183,5844,222,18546
2018-06-06 14:39:49,http://t.co/,390,101,1498,111,396,0,2496
2018-06-06 14:39:53,http://baidu.com/,40,29,2862,47,118,1,3097
2018-06-06 14:39:57,http://www.baidu.com/,584,247,373,2122,548,21,3895
2018-06-06 14:40:05,https://www.reddit.com/,3802,1462,6573,2843,20500,9,35189
2018-06-06 14:40:09,http://europa.eu/,27,6,2414,849,1587,2,4885
2018-06-06 14:40:14,https://www.gov.uk/,3472,38,667,2409,1661,1,8248
2018-06-06 14:40:16,https://www.nytimes.com/,3504,379,1938,17893,13406,19,37139
2018-06-06 14:40:33,http://statcounter.com/,65,351,2290,3188,2214,5,8113
2018-06-06 14:40:37,https://www.weebly.com/,2185,129,424,4152,9019,2,15911
2018-06-06 14:40:38,https://www.blogger.com/,3373,143,1077,2224,610,0,7427
2018-06-06 14:40:57,http://www.bbc.com/,1914,28,135,8449,8212,105,18843
2018-06-06 14:41:00,https://www.mozilla.org/,10613,23,2182,1204,3448,2,17472
2018-06-06 14:41:04,https://soundcloud.com/,2546,506,983,5617,22175,1,31828
2018-06-06 14:41:04,https://www.google.de/,4745,215,1727,2033,4593,86,13399
2018-06-06 14:41:05,https://github.com/,4147,426,4654,7485,3163,2,19877
2018-06-06 14:41:22,https://yandex.ru/,1981,510,1476,8348,3047,54,15416
2018-06-06 14:41:26,https://www.jimdo.com/,1547,134,620,2883,11826,4,17014
2018-06-06 14:41:26,https://myspace.com/,2007,350,2002,13118,15441,109,33027
2018-06-06 14:41:36,https://www.bluehost.com/,2840,287,594,3649,5299,8,12677
2018-06-06 14:41:39,https://wordpress.com/,5528,66,1083,729,11122,432,18960
2018-06-06 14:41:44,https://www.addthis.com/,1630,117,1214,1773,5098,335,10167
2018-06-06 14:42:10,http://en.gravatar.com/,1950,60,1200,3483,649,1,7343
2018-06-06 14:42:16,https://www.nih.gov/,7033,72,1651,4442,2683,84,15965
2018-06-06 14:42:16,https://www.google.co.jp/,6381,84,6941,1130,8409,75,23020
2018-06-06 14:42:19,https://www.wix.com/,5267,124,4490,3333,12805,8,26027
2018-06-06 14:42:20,http://ascii.co.uk/,197,103,3617,2048,15880,89,21934
2018-06-06 14:42:25,https://www.paypal.com/,5539,450,1010,955,3029,76,11059
2018-06-06 14:42:26,https://outlook.live.com/,2228,135,1452,3050,2807,1,9673
2018-06-06 14:42:49,https://www.elegantthemes.com/,3127,54,754,1937,10828,1,16701
2018-06-06 14:43:15,https://www.tripadvisor.com/,2256,309,660,526,8507,89,12347
2018-06-06 14:43:18,https://www.123-reg.co.uk/,2481,1,2479,5425,3607,1700,15693
2018-06-06 14:43:35,https://issuu.com/,2114,83,1514,1734,11265,4,16714
2018-06-06 14:43:37,http://www.stumbleupon.com/,5010,88,492,2081,5312,210,13193
2018-06-06 14:43:45,https://www.stumbleupon.com/,175,189,233,934,1890,206,3627
2018-06-06 14:43:58,https://www.huffingtonpost.com/,2507,27,2724,4981,23503,109,33851
2018-06-06 14:44:39,https://www.google.co.uk/,12894,93,9749,865,8504,38,32143
2018-06-06 14:44:42,https://www.parallels.com/,13681,219,11849,1704,16003,4,43460
2018-06-06 14:44:42,https://www.dropbox.com/,18377,169,6490,270,11431,29,36766
2018-06-06 14:44:42,https://www.addtoany.com/,9961,222,6183,337,10814,5,27522
2018-06-06 14:44:58,https://aws.amazon.com/,9487,83,12581,19083,3610,14,44858
2018-06-06 14:45:10,https://www.e-recht24.de/,9551,681,15641,2501,2193,356,30923
2018-06-06 14:45:16,https://www.opera.com/,12914,266,8476,343,20902,19,42920
2018-06-06 14:45:41,https://www.etsy.com/,6442,365,10122,8421,4975,1,30326
2018-06-06 14:46:12,https://cpanel.com/,13539,141,26647,832,941,7,42107
2018-06-06 14:46:31,http://www.free.fr/,17625,0,4024,2001,1171,0,24821
2018-06-06 14:46:34,https://ameblo.jp/,15394,267,19292,4140,903,1,39997
2018-06-06 14:46:34,https://www.ebay.com/,16194,116,12391,4099,651,50,33501
2018-06-06 14:46:39,https://cpanel.com/,8764,2,13471,1283,1545,8,25073
2018-06-06 14:46:45,https://www.bing.com/,17970,77,22802,2777,91,24,43741
2018-06-06 14:47:15,https://www.bloomberg.com/,6018,852,4157,5315,16530,91,32963
2018-06-06 14:47:24,https://www.wikimedia.org/,14099,269,2336,64,4096,0,20864
2018-06-06 14:47:29,http://www.typepad.com/,5574,202,1810,3892,6192,91,17761
2018-06-06 14:47:38,https://weibo.com/,13583,4899,24401,2819,20462,8,66172
2018-06-06 14:47:41,https://www.livejournal.com/,16346,159,15240,21852,37886,325,91808
2018-06-06 14:47:44,http://www.dailymail.co.uk/,10965,324,8140,10120,43716,59,73324
