2018-06-24 01:43:51,https://www.facebook.com/,2741,153,439,1003,2496,33,6865
2018-06-24 01:43:59,https://twitter.com/,259,124,68,791,1048,6,2296
2018-06-24 01:44:01,https://www.google.com/,441,93,127,731,1025,42,2459
2018-06-24 01:44:08,https://www.youtube.com/,283,71,582,1372,282,8,2598
2018-06-24 01:44:22,https://www.linkedin.com/,310,2644,29,260,1212,95,4550
2018-06-24 01:44:25,https://wordpress.org/,259,27,118,445,1670,1,2520
2018-06-24 01:44:32,https://www.instagram.com/,1953,221,49,2349,665,29,5266
2018-06-24 01:44:35,https://www.pinterest.com/,648,261,198,752,4930,136,6925
2018-06-24 01:44:44,https://www.wikipedia.org/,790,35,171,2011,178,1,3186
2018-06-24 01:44:47,https://www.blogger.com/,1516,34,58,827,531,0,2966
2018-06-24 01:44:49,https://wordpress.com/,1172,50,756,474,3416,93,5961
2018-06-24 01:44:57,https://www.adobe.com/,716,0,188,2445,1417,131,4897
2018-06-24 01:45:25,https://www.apple.com/,963,31,284,4005,597,33,5913
2018-06-24 01:45:32,https://www.tumblr.com/,1068,108,353,9355,1402,27,12313
2018-06-24 01:45:32,https://www.youtube.com/,631,73,715,5047,306,3,6775
2018-06-24 01:45:43,https://www.amazon.com/,712,111,275,1958,763,19,3838
2018-06-24 01:45:50,https://goo.gl/,1121,70,206,832,525,15,2769
2018-06-24 01:46:08,https://vimeo.com/,746,104,269,2463,6238,138,9958
2018-06-24 01:46:10,https://www.microsoft.com/,2968,158,124,3129,320,17,6716
2018-06-24 01:46:33,https://www.flickr.com/,1718,139,249,312,7389,17,9824
2018-06-24 01:47:08,https://www.yahoo.com/,1617,80,735,7666,17658,358,28114
2018-06-24 01:47:10,https://www.godaddy.com/,3496,292,2959,1196,1590,66,9599
2018-06-24 01:47:31,https://www.w3.org/,4914,248,2195,2536,4205,0,14098
2018-06-24 01:47:40,https://www.buydomains.com/,8787,1231,2692,4678,33628,157,51173
2018-06-24 01:47:41,http://www.qq.com/,4158,33,1530,10238,32674,2,48635
2018-06-24 01:47:41,http://t.co/,475,164,5130,11,309,1,6090
2018-06-24 01:47:47,https://vk.com/,4699,188,8235,12440,14855,175,40592
2018-06-24 01:47:47,http://baidu.com/,15,1,4755,2,159,1,4933
2018-06-24 01:47:53,http://www.baidu.com/,1081,254,1621,2685,554,80,6275
2018-06-24 01:47:58,https://www.reddit.com/,7837,578,1989,2582,30324,50,43360
2018-06-24 01:48:03,http://europa.eu/,61,29,3716,875,1811,2,6494
2018-06-24 01:48:08,https://www.nytimes.com/,5353,303,2518,22927,12225,138,43464
2018-06-24 01:48:09,https://www.gov.uk/,4808,0,924,2941,1261,10,9944
2018-06-24 01:49:02,https://www.blogger.com/,21660,34,2789,1230,366,1,26080
2018-06-24 01:49:02,http://statcounter.com/,109,192,8441,5724,22287,1,36754
2018-06-24 01:49:04,https://github.com/,4143,199,4522,4590,3392,2,16848
2018-06-24 01:49:07,https://www.weebly.com/,11491,178,8343,5269,22030,82,47393
2018-06-24 01:49:07,https://www.mozilla.org/,14979,29,5122,2596,742,528,23996
2018-06-24 01:49:09,https://www.google.de/,7080,87,4717,1370,4385,30,17669
2018-06-24 01:49:11,https://soundcloud.com/,7060,560,3408,7772,21873,1,40674
2018-06-24 01:49:45,https://yandex.ru/,4995,312,5200,11564,3800,27,25898
2018-06-24 01:49:50,http://www.bbc.com/,5501,99,1690,11495,28503,336,47624
2018-06-24 01:49:57,https://www.jimdo.com/,4279,146,1819,8887,22878,4,38013
2018-06-24 01:49:57,https://myspace.com/,4053,174,1630,18006,33471,519,57853
2018-06-24 01:50:41,https://wordpress.com/,12144,47,9218,1346,36424,254,59433
2018-06-24 01:50:46,http://en.gravatar.com/,5833,61,7706,1247,150,1,14998
2018-06-24 01:50:49,https://www.bluehost.com/,5632,654,8658,3670,48172,3,66789
2018-06-24 01:50:52,https://www.addthis.com/,3920,156,2378,2672,48801,1589,59516
2018-06-24 01:50:57,https://www.google.co.jp/,18236,99,14004,1369,8440,9,42157
2018-06-24 01:51:04,https://www.paypal.com/,11649,511,2899,5154,202,753,21168
2018-06-24 01:51:04,https://www.nih.gov/,18687,43,6492,11626,2698,85,39631
2018-06-24 01:51:13,http://ascii.co.uk/,213,113,7266,8933,30774,15,47314
2018-06-24 01:51:13,https://outlook.live.com/,5298,148,2673,15386,7488,1,30994
2018-06-24 01:51:13,https://www.wix.com/,12981,103,13801,6701,20825,1,54412
2018-06-24 01:51:16,https://www.elegantthemes.com/,5710,73,1737,1415,2335,41,11311
2018-06-24 01:51:19,https://www.cnn.com/,12843,116,2686,17416,11639,863,45563
2018-06-24 01:52:00,https://www.123-reg.co.uk/,4636,0,4737,810,6732,980,17895
2018-06-24 01:52:02,https://www.tripadvisor.com/,4199,435,769,1140,9161,54,15758
2018-06-24 01:52:19,http://www.stumbleupon.com/,3201,83,631,1421,5895,888,12119
2018-06-24 01:52:34,https://issuu.com/,3504,93,3913,1401,16445,4,25360
2018-06-24 01:52:34,https://www.stumbleupon.com/,384,87,368,1784,6808,235,9666
2018-06-24 01:53:48,https://www.opera.com/,4085,5,326,773,693,6,5888
2018-06-24 01:54:11,https://www.etsy.com/,938,249,792,8584,3580,1,14144
2018-06-24 01:54:22,https://www.eventbrite.com/,641,443,133,3298,4139,131,8785
2018-06-24 01:54:24,https://archive.org/,829,716,83,2257,623,11,4519
2018-06-24 01:54:29,https://cpanel.com/,1304,56,78,511,1390,7,3346
2018-06-24 01:54:36,https://www.xing.com/,796,144,420,1508,1195,2,4065
2018-06-24 01:54:45,https://sourceforge.net/,448,290,140,2715,1839,84,5516
2018-06-24 01:55:14,https://ameblo.jp/,2023,388,4072,5107,11782,0,23372
2018-06-24 01:55:14,https://www.ebay.com/,2493,117,4111,5302,7043,16,19082
2018-06-24 01:55:19,http://www.free.fr/,3810,370,988,8118,1551,0,14837
2018-06-24 01:55:25,https://www.bing.com/,6885,281,2591,802,421,1,10981
2018-06-24 01:55:25,https://fc2.com/,3473,409,1014,3134,18535,170,26735
2018-06-24 01:55:27,https://www.amazon.co.uk/,7231,443,2992,3020,20849,111,34646
2018-06-24 01:55:35,https://cpanel.com/,3043,392,7214,3769,3843,5,18266
2018-06-24 01:56:25,https://www.washingtonpost.com/,1610,93,299,3479,142428,9483,157392
2018-06-24 01:56:53,https://www.wikimedia.org/,10708,95,1519,58,4128,0,16508
2018-06-24 01:57:06,http://www.typepad.com/,5080,191,1718,5910,9621,0,22520
2018-06-24 01:57:18,https://www.bloomberg.com/,4149,202,1850,4428,62004,534,73167
2018-06-24 01:57:35,https://weibo.com/,9270,1281,1720,9927,71076,150,93424
