2018-06-24 11:04:43,https://www.facebook.com/,2532,420,81,716,1289,48,5086
2018-06-24 11:04:52,https://twitter.com/,280,148,112,818,951,1,2310
2018-06-24 11:04:53,https://www.google.com/,438,103,118,635,930,31,2255
2018-06-24 11:05:01,https://www.youtube.com/,309,155,582,1419,169,11,2645
2018-06-24 11:05:14,https://www.linkedin.com/,259,1928,33,1209,276,149,3854
2018-06-24 11:05:19,https://wordpress.org/,344,26,95,896,1526,0,2887
2018-06-24 11:05:24,https://www.instagram.com/,1609,211,146,2337,843,13,5159
2018-06-24 11:05:28,https://www.pinterest.com/,564,158,71,645,5997,157,7592
2018-06-24 11:05:36,https://www.wikipedia.org/,512,37,147,2714,361,1,3772
2018-06-24 11:05:41,https://www.blogger.com/,1393,32,50,1338,531,0,3344
2018-06-24 11:05:42,https://wordpress.com/,573,49,602,2535,477,379,4615
2018-06-24 11:05:55,https://www.adobe.com/,388,33,135,4146,3179,700,8581
2018-06-24 11:06:29,https://www.apple.com/,460,30,569,7153,9343,5,17560
2018-06-24 11:06:30,https://www.tumblr.com/,631,140,243,7387,8781,49,17231
2018-06-24 11:06:35,https://www.youtube.com/,8067,161,698,5536,312,6,14780
2018-06-24 11:06:42,https://www.amazon.com/,848,130,310,3262,3300,138,7988
2018-06-24 11:06:47,https://goo.gl/,2048,121,182,1403,887,0,4641
2018-06-24 11:06:59,https://vimeo.com/,496,105,85,2379,5282,17,8364
2018-06-24 11:07:01,https://www.microsoft.com/,1337,181,389,2675,1364,35,5981
2018-06-24 11:07:27,https://www.flickr.com/,946,81,132,285,9854,24,11322
2018-06-24 11:08:04,https://www.godaddy.com/,5073,552,4213,1242,612,28,11720
2018-06-24 11:08:18,https://www.buydomains.com/,3792,313,1249,3085,28755,114,37308
2018-06-24 11:08:21,http://www.qq.com/,1952,41,300,11016,25152,2,38463
2018-06-24 11:08:23,https://vk.com/,2841,315,2324,7197,10796,336,23809
2018-06-24 11:08:25,https://www.w3.org/,7267,52,1177,753,4682,0,13931
2018-06-24 11:08:29,https://www.yahoo.com/,1161,79,941,6452,47511,533,56677
2018-06-24 11:08:31,http://t.co/,591,289,3596,11,218,0,4705
2018-06-24 11:08:38,http://baidu.com/,25,0,3730,3,125,0,3883
2018-06-24 11:08:45,http://www.baidu.com/,696,249,606,4937,1140,23,7651
2018-06-24 11:08:52,http://europa.eu/,117,20,2245,982,1880,3,5247
2018-06-24 11:08:52,https://www.reddit.com/,4991,1048,1438,3927,39161,9,50574
2018-06-24 11:08:57,https://www.gov.uk/,2580,206,523,1709,2315,1,7334
2018-06-24 11:09:07,https://www.nytimes.com/,2835,210,2735,20266,23798,132,49976
2018-06-24 11:09:26,http://statcounter.com/,104,243,3166,5183,3866,0,12562
2018-06-24 11:09:26,https://www.weebly.com/,3188,161,2512,3897,3683,2,13443
2018-06-24 11:09:31,https://www.blogger.com/,5215,123,374,2088,1435,0,9235
2018-06-24 11:09:50,https://www.mozilla.org/,7135,187,1622,4297,632,280,14153
2018-06-24 11:09:54,https://github.com/,2455,188,2281,7735,3311,2,15972
2018-06-24 11:09:57,https://www.google.de/,6652,113,2951,1406,3086,10,14218
2018-06-24 11:10:30,https://yandex.ru/,4239,314,1074,10914,5672,13,22226
2018-06-24 11:10:34,https://www.jimdo.com/,2736,122,1026,4276,17149,8,25317
2018-06-24 11:10:46,https://myspace.com/,1998,129,689,11303,38344,306,52769
2018-06-24 11:10:52,https://www.bluehost.com/,2104,381,1996,5879,11529,3,21892
2018-06-24 11:11:03,https://wordpress.com/,5081,47,2272,1674,25307,412,34793
2018-06-24 11:11:14,https://www.addthis.com/,2568,200,1115,2032,22866,234,29015
2018-06-24 11:11:23,http://en.gravatar.com/,1835,102,1557,4049,1503,0,9046
2018-06-24 11:11:23,https://www.google.co.jp/,8145,96,4713,1233,6994,123,21304
2018-06-24 11:11:23,https://www.nih.gov/,6847,47,2012,3926,4024,7,16863
2018-06-24 11:11:33,https://www.theguardian.com/,6790,24,1097,7586,35539,28,51064
2018-06-24 11:11:40,https://outlook.live.com/,1781,119,560,4814,1198,1,8473
2018-06-24 11:11:43,https://www.paypal.com/,4175,355,1213,1210,5049,279,12281
2018-06-24 11:12:01,https://www.elegantthemes.com/,2512,74,789,1159,3118,8,7660
2018-06-24 11:12:22,https://www.cnn.com/,6851,34,994,9533,37831,940,56183
2018-06-24 11:12:51,https://www.123-reg.co.uk/,2477,13,1658,1275,9385,1829,16637
2018-06-24 11:12:53,https://www.tripadvisor.com/,2638,268,2007,1786,9139,78,15916
2018-06-24 11:13:11,https://issuu.com/,1350,1156,1052,2498,11630,9,17695
2018-06-24 11:13:11,http://www.stumbleupon.com/,2916,81,666,1199,4036,461,9359
2018-06-24 11:13:20,https://www.stumbleupon.com/,121,87,151,1528,4821,862,7570
2018-06-24 11:13:32,https://www.huffingtonpost.com/,1570,23,1953,4767,30335,17,38665
2018-06-24 11:14:01,https://creativecommons.org/,1918,8,1217,8462,19171,2,30778
2018-06-24 11:14:21,https://www.google.co.uk/,9597,170,4537,1619,9201,57,25181
2018-06-24 11:14:35,https://aws.amazon.com/,4479,91,4315,16419,14346,42,39692
2018-06-24 11:14:41,https://www.dropbox.com/,9929,668,13985,1260,19032,71,44945
2018-06-24 11:15:02,https://www.parallels.com/,11369,313,4079,5003,47046,3,67813
2018-06-24 11:15:05,https://www.msn.com/,23027,170,6865,6458,5966,127,42613
2018-06-24 11:15:13,https://www.addtoany.com/,24529,48,6659,1092,22575,1,54904
2018-06-24 11:15:18,https://www.e-recht24.de/,10043,1247,20861,4922,3438,504,41015
2018-06-24 11:15:21,https://www.opera.com/,12564,131,19907,893,13586,22,47103
2018-06-24 11:15:51,https://www.etsy.com/,11865,561,15015,14446,3624,49,45560
2018-06-24 11:16:01,https://archive.org/,7611,401,18749,1483,1850,11,30105
2018-06-24 11:16:15,https://cpanel.com/,15137,79,24556,2949,670,4,43395
2018-06-24 11:16:31,https://www.eventbrite.com/,11877,617,20532,17239,20464,257,70986
2018-06-24 11:16:31,https://www.xing.com/,9009,158,24674,11998,13609,1,59449
2018-06-24 11:16:32,https://www.bing.com/,12254,549,3408,1344,2767,1,20323
2018-06-24 11:16:36,https://cpanel.com/,7301,181,3202,343,10719,2,21748
2018-06-24 11:16:38,http://www.free.fr/,11280,132,7528,12385,3677,0,35002
2018-06-24 11:16:52,https://www.ebay.com/,13715,124,10711,9495,10477,90,44612
2018-06-24 11:16:59,https://ameblo.jp/,15063,229,12396,11441,11948,1,51078
2018-06-24 11:17:34,https://fc2.com/,13634,101,9313,6478,51703,282,81511
2018-06-24 11:18:00,http://www.typepad.com/,3043,81,124,886,719,17,4870
