2018-05-26 01:37:01,https://www.facebook.com/,2348,185,385,1293,1271,37,5519
2018-05-26 01:37:10,https://twitter.com/,237,145,209,1032,962,1,2586
2018-05-26 01:37:11,https://www.google.com/,404,93,290,717,987,36,2527
2018-05-26 01:37:21,https://www.youtube.com/,300,103,1438,635,2411,3,4890
2018-05-26 01:37:31,https://www.linkedin.com/,253,2030,105,1563,377,98,4426
2018-05-26 01:37:37,https://wordpress.org/,333,24,373,1155,2156,0,4041
2018-05-26 01:37:43,https://www.instagram.com/,708,607,510,2569,651,3,5048
2018-05-26 01:37:51,https://www.pinterest.com/,968,572,21,1058,8485,256,11360
2018-05-26 01:37:59,https://www.blogger.com/,1342,49,433,2348,364,0,4536
2018-05-26 01:38:00,https://www.wikipedia.org/,906,36,931,582,4572,0,7027
2018-05-26 01:38:03,https://wordpress.com/,528,47,830,418,6281,428,8532
2018-05-26 01:38:16,https://www.adobe.com/,372,34,360,5905,6069,433,13173
2018-05-26 01:38:31,https://www.apple.com/,485,35,660,5035,888,8,7111
2018-05-26 01:38:34,https://www.tumblr.com/,616,86,287,7483,1051,25,9548
2018-05-26 01:38:39,https://www.youtube.com/,906,100,873,1976,3073,9,6937
2018-05-26 01:39:08,https://www.amazon.com/,690,113,582,2835,18512,18,22750
2018-05-26 01:39:08,https://goo.gl/,11278,61,330,2034,1900,1,15604
2018-05-26 01:39:14,https://www.microsoft.com/,2317,172,423,2957,629,34,6532
2018-05-26 01:39:15,https://vimeo.com/,1302,110,365,3546,7223,40,12586
2018-05-26 01:39:33,https://www.flickr.com/,853,119,289,391,5875,11,7538
2018-05-26 01:39:51,https://www.yahoo.com/,770,68,1740,3765,8940,112,15395
2018-05-26 01:39:59,https://www.buydomains.com/,1771,322,1818,2075,7609,29,13624
2018-05-26 01:40:04,https://www.godaddy.com/,1256,373,744,588,1826,36,4823
2018-05-26 01:40:05,http://www.qq.com/,4485,24,32,5820,7603,1,17965
2018-05-26 01:40:09,https://vk.com/,982,200,852,4330,2407,109,8880
2018-05-26 01:40:22,https://www.w3.org/,2212,72,884,1222,2309,1,6700
2018-05-26 01:40:30,http://t.co/,99,47,1331,89,295,1,1862
2018-05-26 01:40:32,https://www.reddit.com/,2156,544,2776,2652,17541,62,25731
2018-05-26 01:40:38,http://baidu.com/,114,29,1831,12,123,0,2109
2018-05-26 01:40:44,https://www.baidu.com/,710,322,828,3062,554,11,5487
2018-05-26 01:40:44,https://www.nytimes.com/,1765,31,731,9807,11496,19,23849
2018-05-26 01:41:04,http://europa.eu/,18,0,1179,322,14101,3,15623
2018-05-26 01:41:04,https://www.gov.uk/,7200,1,299,1273,791,12,9576
2018-05-26 01:41:23,http://statcounter.com/,107,493,1841,3461,664,1,6567
2018-05-26 01:41:24,https://www.weebly.com/,1289,133,283,3921,7292,2,12920
2018-05-26 01:41:28,https://www.blogger.com/,3042,57,814,1473,466,0,5852
2018-05-26 01:41:44,https://soundcloud.com/,3141,172,649,3530,14615,1,22108
2018-05-26 01:41:48,http://www.bbc.com/,906,22,37,10317,7791,71,19144
2018-05-26 01:41:52,https://www.google.de/,2367,208,1935,1013,3045,97,8665
2018-05-26 01:41:52,https://www.mozilla.org/,1965,26,645,867,1972,8,5483
2018-05-26 01:41:53,https://github.com/,2179,79,2707,6618,2327,2,13912
2018-05-26 01:42:20,https://www.jimdo.com/,1491,190,514,972,9843,39,13049
2018-05-26 01:42:20,https://yandex.ru/,2359,308,1745,6413,5168,53,16046
2018-05-26 01:42:23,https://myspace.com/,1769,877,404,8437,18394,71,29952
2018-05-26 01:42:34,https://wordpress.com/,5364,84,1120,510,5452,400,12930
2018-05-26 01:42:37,https://www.bluehost.com/,3154,385,744,4871,1839,7,11000
2018-05-26 01:42:44,https://www.addthis.com/,1245,57,433,1204,3830,285,7054
2018-05-26 01:42:57,https://www.theguardian.com/,3973,38,662,6305,8634,182,19794
2018-05-26 01:43:08,https://www.google.co.jp/,3970,99,3827,722,3005,47,11670
2018-05-26 01:43:11,http://ascii.co.uk/,284,120,1732,2050,3626,118,7930
2018-05-26 01:43:12,https://www.nih.gov/,3575,43,3784,2131,2523,39,12095
2018-05-26 01:43:12,http://en.gravatar.com/,1995,131,1387,3166,568,1,7248
2018-05-26 01:43:16,https://www.wix.com/,3485,93,4082,2678,7409,55,17802
2018-05-26 01:43:28,https://www.paypal.com/,2264,266,876,1289,3612,68,8375
2018-05-26 01:43:31,https://outlook.live.com/,2302,137,686,3247,866,0,7238
2018-05-26 01:43:52,https://www.cnn.com/,2962,27,475,5006,25874,287,34631
2018-05-26 01:43:53,https://www.elegantthemes.com/,1412,76,860,878,2301,25,5552
2018-05-26 01:44:29,https://www.123-reg.co.uk/,1072,10,566,600,4723,585,7556
2018-05-26 01:44:33,https://www.tripadvisor.com/,1538,847,324,592,4182,39,7522
2018-05-26 01:44:57,https://issuu.com/,3075,96,536,2996,8287,17,15007
2018-05-26 01:44:58,http://www.stumbleupon.com/,3638,160,941,1708,870,2,7319
2018-05-26 01:45:09,https://www.huffingtonpost.com/,1405,24,809,2762,23774,41,28815
2018-05-26 01:45:09,https://www.stumbleupon.com/,63,87,421,865,2290,126,3852
2018-05-26 01:45:38,http://digg.com/,150,222,2336,4626,18022,338,25694
2018-05-26 01:45:41,https://creativecommons.org/,3295,0,3660,5755,12960,1,25671
2018-05-26 01:45:58,https://www.google.co.uk/,7209,300,1477,957,7884,11,17838
2018-05-26 01:46:07,https://www.dropbox.com/,6185,147,1289,303,17287,50,25261
2018-05-26 01:46:13,https://aws.amazon.com/,3426,16,1714,11226,13100,7,29489
2018-05-26 01:46:13,https://www.parallels.com/,9317,241,1745,3278,24530,12,39123
2018-05-26 01:46:26,https://www.yelp.com/,6092,653,860,8224,30411,3,46243
2018-05-26 01:46:27,https://www.addtoany.com/,18238,31,1282,764,7744,1,28060
2018-05-26 01:46:35,https://www.msn.com/,15388,168,2321,6902,1035,29,25843
2018-05-26 01:46:37,https://www.e-recht24.de/,4817,594,2958,5432,5043,770,19614
2018-05-26 01:46:43,https://www.opera.com/,5261,322,2902,960,16171,2,25618
2018-05-26 01:47:04,https://www.etsy.com/,5869,300,2505,5676,12427,3,26780
2018-05-26 01:47:10,https://cpanel.com/,3972,66,301,813,1986,6,7144
2018-05-26 01:47:10,https://archive.org/,9919,261,321,1725,1667,11,13904
2018-05-26 01:47:31,https://www.xing.com/,2801,482,1549,2284,7570,2,14688
2018-05-26 01:47:35,https://www.eventbrite.com/,6548,9331,1297,7865,17766,167,42974
2018-05-26 01:47:48,https://ameblo.jp/,7956,218,2596,4017,668,0,15455
2018-05-26 01:47:54,http://www.free.fr/,2802,148,4518,3378,367,0,11213
2018-05-26 01:47:54,https://www.ebay.com/,4411,131,7231,4525,528,87,16913
2018-05-26 01:48:04,https://fc2.com/,3711,104,2724,1291,23553,183,31566
2018-05-26 01:48:05,https://sourceforge.net/,5805,356,13010,6054,23006,71,48302
2018-05-26 01:48:11,https://www.bing.com/,21726,73,2902,2187,685,1,27574
2018-05-26 01:48:22,https://cpanel.com/,13005,83,2821,2791,6913,4,25617
2018-05-26 01:48:39,https://www.livejournal.com/,6442,172,3046,6885,23073,33,39651
2018-05-26 01:49:09,https://www.bloomberg.com/,2454,245,1502,1288,29679,77,35245
2018-05-26 01:49:14,https://www.wikimedia.org/,8128,18,4131,103,1843,1,14224
2018-05-26 01:49:16,http://www.typepad.com/,2976,119,846,1857,2070,0,7868
2018-05-26 01:49:28,https://weibo.com/,32413,1429,9182,3522,14409,40,60995
2018-05-26 01:50:00,https://www.aol.com/,4669,281,3490,11333,36638,766,57177
