2018-05-30 19:23:17,https://www.facebook.com/,2539,190,428,1175,1219,47,5598
2018-05-30 19:23:26,https://twitter.com/,265,143,213,629,1400,1,2651
2018-05-30 19:23:27,https://www.google.com/,532,132,329,659,1206,19,2877
2018-05-30 19:23:37,https://www.youtube.com/,396,82,749,1359,2864,10,5460
2018-05-30 19:23:47,https://www.linkedin.com/,280,196,206,1943,454,117,3196
2018-05-30 19:23:54,https://wordpress.org/,450,46,301,1148,2518,1,4464
2018-05-30 19:24:00,https://www.instagram.com/,688,620,698,3099,408,20,5533
2018-05-30 19:24:08,https://www.pinterest.com/,1137,214,69,1119,8656,276,11471
2018-05-30 19:24:17,https://www.blogger.com/,1474,33,323,2574,352,0,4756
2018-05-30 19:24:17,https://www.wikipedia.org/,1270,39,1077,538,4465,1,7390
2018-05-30 19:24:21,https://wordpress.com/,655,108,701,4991,3624,115,10194
2018-05-30 19:24:37,https://www.adobe.com/,493,69,380,10303,3795,255,15295
2018-05-30 19:24:53,https://www.apple.com/,573,31,646,6268,533,49,8100
2018-05-30 19:24:57,https://www.tumblr.com/,871,120,335,8764,2022,40,12152
2018-05-30 19:25:09,https://www.youtube.com/,1074,136,584,6246,7258,8,15306
2018-05-30 19:25:18,https://www.amazon.com/,926,146,729,5403,3130,67,10401
2018-05-30 19:25:24,https://goo.gl/,1129,70,548,1871,3337,1,6956
2018-05-30 19:25:37,https://www.microsoft.com/,1696,228,419,4133,512,46,7034
2018-05-30 19:25:40,https://vimeo.com/,880,106,562,3191,8828,24,13591
2018-05-30 19:26:00,https://www.flickr.com/,1143,80,370,381,8647,37,10658
2018-05-30 19:26:23,https://www.yahoo.com/,755,79,899,5154,14634,133,21654
2018-05-30 19:26:31,https://www.buydomains.com/,1991,1361,1548,2592,13974,78,21544
2018-05-30 19:26:34,https://www.godaddy.com/,3856,253,2859,2346,157,36,9507
2018-05-30 19:26:38,https://vk.com/,2061,177,1114,3557,2233,168,9310
2018-05-30 19:26:49,https://www.w3.org/,3448,55,1003,2397,296,0,7199
2018-05-30 19:27:04,http://baidu.com/,15,9,1348,55,59,0,1486
2018-05-30 19:27:09,http://t.co/,11615,376,261,29,213,1,12495
2018-05-30 19:27:10,https://www.baidu.com/,4567,269,174,1191,452,8,6661
2018-05-30 19:27:20,http://europa.eu/,23,3,1304,399,2162,2,3893
2018-05-30 19:27:27,https://www.gov.uk/,1533,250,360,1125,1227,1,4496
2018-05-30 19:27:27,https://www.nytimes.com/,2411,117,565,12548,24607,83,40331
2018-05-30 19:27:49,http://statcounter.com/,74,361,910,1830,1707,0,4882
2018-05-30 19:27:56,https://www.weebly.com/,3767,279,1655,4943,3566,1,14211
2018-05-30 19:27:59,https://www.blogger.com/,2987,58,543,1824,639,0,6051
2018-05-30 19:28:17,https://soundcloud.com/,2234,140,1310,4566,15595,1,23846
2018-05-30 19:28:24,https://www.mozilla.org/,6233,118,2889,1255,2769,8,13272
2018-05-30 19:28:26,https://github.com/,2699,104,2909,6731,1712,2,14157
2018-05-30 19:28:27,https://www.google.de/,2901,158,4209,1112,3089,117,11586
2018-05-30 19:28:28,http://www.bbc.com/,2294,95,452,9665,22377,147,35030
2018-05-30 19:28:47,https://yandex.ru/,2305,411,1973,5656,785,6,11136
2018-05-30 19:28:50,https://www.jimdo.com/,1750,71,1023,1226,7944,10,12024
2018-05-30 19:28:57,https://myspace.com/,1780,263,1416,9170,18858,213,31700
2018-05-30 19:29:08,https://wordpress.com/,3323,105,2889,494,5047,453,12311
2018-05-30 19:29:09,https://www.bluehost.com/,3041,921,809,4643,1138,5,10557
2018-05-30 19:29:20,https://www.addthis.com/,1442,20,373,1579,4179,332,7925
2018-05-30 19:29:50,https://www.google.co.jp/,8028,94,5325,891,3901,170,18409
2018-05-30 19:29:52,http://en.gravatar.com/,1949,208,926,3867,1365,0,8315
2018-05-30 19:29:56,https://www.nih.gov/,5160,119,1396,4039,3582,4,14300
2018-05-30 19:30:02,https://www.wix.com/,4841,176,3631,3656,11659,3,23966
2018-05-30 19:30:02,http://ascii.co.uk/,288,109,2626,2834,13096,45,18998
2018-05-30 19:30:08,https://www.paypal.com/,4607,402,1398,866,2578,48,9899
2018-05-30 19:30:14,https://outlook.live.com/,1728,149,705,3805,6665,0,13052
2018-05-30 19:30:32,https://www.elegantthemes.com/,2689,74,624,910,1539,14,5850
2018-05-30 19:30:47,https://www.cnn.com/,3711,27,2135,9842,33985,734,50434
2018-05-30 19:31:10,https://www.123-reg.co.uk/,1440,26,532,596,3975,487,7056
2018-05-30 19:31:15,https://www.tripadvisor.com/,2076,360,313,594,4109,33,7485
2018-05-30 19:31:38,https://issuu.com/,2737,76,592,1313,7251,3,11972
2018-05-30 19:31:44,http://www.stumbleupon.com/,3499,108,459,866,3530,270,8732
2018-05-30 19:31:48,https://www.stumbleupon.com/,52,91,527,834,2097,117,3718
2018-05-30 19:32:26,http://digg.com/,145,475,1949,5508,22378,521,30976
2018-05-30 19:32:27,https://creativecommons.org/,3155,20,694,5714,15838,2,25423
2018-05-30 19:32:33,https://www.google.co.uk/,7323,134,1843,1034,5435,147,15916
2018-05-30 19:32:44,https://www.parallels.com/,9652,220,1395,1400,9690,48,22405
2018-05-30 19:32:44,https://www.dropbox.com/,5747,326,2125,475,8341,63,17077
2018-05-30 19:32:54,https://aws.amazon.com/,2461,55,2611,13371,9996,28,28522
2018-05-30 19:32:58,https://www.imdb.com/,6806,262,7441,9063,22395,53,46020
2018-05-30 19:33:03,https://www.yelp.com/,5247,474,2110,9191,27595,2,44619
2018-05-30 19:33:07,https://www.addtoany.com/,16633,47,1617,594,5661,2,24554
2018-05-30 19:33:21,https://www.msn.com/,13616,176,1590,8652,1874,63,25971
2018-05-30 19:33:25,https://www.e-recht24.de/,5024,589,2224,4363,6361,618,19179
2018-05-30 19:33:32,https://www.opera.com/,5161,376,2159,810,22915,43,31464
2018-05-30 19:33:57,https://www.etsy.com/,5911,340,1022,18077,446,1,25797
2018-05-30 19:34:06,https://www.washingtonpost.com/,10818,335,1873,7859,18164,3436,42485
2018-05-30 19:34:10,https://archive.org/,3266,285,6563,1935,3363,86,15498
2018-05-30 19:34:10,https://cpanel.com/,6717,74,2251,839,2913,20,12814
2018-05-30 19:34:30,https://www.xing.com/,4091,383,2303,4129,16537,9,27452
2018-05-30 19:34:32,https://www.eventbrite.com/,9609,769,4712,8326,18381,186,41983
2018-05-30 19:34:49,http://www.free.fr/,3299,81,2841,4106,386,0,10713
2018-05-30 19:34:49,https://www.ebay.com/,5273,144,5617,5401,601,77,17113
2018-05-30 19:34:59,https://fc2.com/,5254,104,2557,1367,22224,143,31649
2018-05-30 19:35:03,https://www.amazon.co.uk/,10291,377,3535,10488,15933,38,40662
2018-05-30 19:35:03,https://www.bing.com/,22709,244,2931,520,2074,2,28480
2018-05-30 19:35:33,https://cpanel.com/,9714,396,2883,3183,22980,18,39174
2018-05-30 19:35:37,https://www.livejournal.com/,8479,458,2783,8553,21973,18,42264
2018-05-30 19:35:43,https://weibo.com/,9337,741,3158,3200,335,8,16779
