2018-05-25 21:31:37,https://www.facebook.com/,2257,192,421,1091,1350,36,5347
2018-05-25 21:31:42,https://twitter.com/,287,153,531,1292,1078,2,3343
2018-05-25 21:31:42,https://www.google.com/,329,120,266,786,1965,65,3531
2018-05-25 21:31:50,https://www.youtube.com/,276,86,761,1178,3227,38,5566
2018-05-25 21:32:02,https://www.linkedin.com/,468,246,302,7783,953,283,10035
2018-05-25 21:32:05,https://wordpress.org/,732,26,607,1701,5966,0,9032
2018-05-25 21:32:05,https://www.instagram.com/,2471,215,609,2760,1831,33,7919
2018-05-25 21:32:13,https://www.blogger.com/,2277,35,339,3388,672,0,6711
2018-05-25 21:32:13,https://www.wikipedia.org/,2397,72,942,8565,52,0,12028
2018-05-25 21:32:14,https://wordpress.com/,951,51,850,7433,2462,118,11865
2018-05-25 21:32:23,https://www.pinterest.com/,3284,297,898,3265,15035,263,23042
2018-05-25 21:32:26,https://www.adobe.com/,1676,0,741,7610,3574,140,13741
2018-05-25 21:32:34,https://www.apple.com/,1461,60,695,4774,1352,9,8351
2018-05-25 21:32:36,https://www.tumblr.com/,2858,117,1587,4917,2648,23,12150
2018-05-25 21:32:40,https://www.amazon.com/,1748,291,1942,1586,2327,21,7915
2018-05-25 21:32:40,https://www.youtube.com/,1547,289,926,4366,5456,6,12590
2018-05-25 21:32:45,https://goo.gl/,1054,85,817,1110,2343,1,5410
2018-05-25 21:32:54,https://www.microsoft.com/,1470,827,380,3593,457,34,6761
2018-05-25 21:32:56,https://vimeo.com/,1383,129,470,4491,5891,20,12384
2018-05-25 21:33:07,https://www.flickr.com/,1751,79,788,227,4285,26,7156
2018-05-25 21:33:24,https://www.yahoo.com/,1930,88,3136,2045,13374,411,20984
2018-05-25 21:33:26,https://www.godaddy.com/,2453,277,3935,753,1413,5,8836
2018-05-25 21:33:29,https://www.buydomains.com/,3437,378,1344,3437,9834,27,18457
2018-05-25 21:33:34,https://vk.com/,2184,181,3281,3459,5364,44,14513
2018-05-25 21:33:35,http://t.co/,353,114,1967,22,328,1,2785
2018-05-25 21:33:40,https://www.w3.org/,4543,406,3093,1677,2856,1,12576
2018-05-25 21:33:40,http://baidu.com/,117,122,1976,28,104,5,2352
2018-05-25 21:33:50,https://www.baidu.com/,724,615,1433,5253,665,2,8692
2018-05-25 21:33:53,https://www.reddit.com/,3619,778,6562,424,21063,60,32506
2018-05-25 21:33:54,http://europa.eu/,174,220,2786,1868,4129,2,9179
2018-05-25 21:33:59,https://www.gov.uk/,2866,122,957,2832,2616,1,9394
2018-05-25 21:34:03,https://www.nytimes.com/,3173,254,3218,10730,15531,19,32925
2018-05-25 21:34:16,http://statcounter.com/,132,480,3294,1360,5793,1,11060
2018-05-25 21:34:21,https://www.blogger.com/,8087,51,7076,1034,160,1,16409
2018-05-25 21:34:22,https://www.weebly.com/,5961,193,2354,4683,10481,2,23674
2018-05-25 21:34:29,https://soundcloud.com/,2833,156,1048,5163,13334,1,22535
2018-05-25 21:34:32,https://www.google.de/,4049,147,1493,944,5762,15,12410
2018-05-25 21:34:32,https://github.com/,4123,91,2912,5053,4305,3,16487
2018-05-25 21:34:32,https://www.mozilla.org/,1839,98,3762,446,477,2,6624
2018-05-25 21:34:58,https://www.jimdo.com/,2629,410,2852,1185,17446,1,24523
2018-05-25 21:35:08,https://www.addthis.com/,2919,1,3313,1212,5279,3,12727
2018-05-25 21:35:12,https://www.bluehost.com/,9446,360,3434,1775,12808,193,28016
2018-05-25 21:35:17,http://en.gravatar.com/,3181,123,3718,802,153,1,7978
2018-05-25 21:35:21,https://wordpress.com/,8913,98,7236,849,26870,58,44024
2018-05-25 21:35:21,http://ascii.co.uk/,279,111,3880,4316,7303,405,16294
2018-05-25 21:35:24,https://www.google.co.jp/,10323,208,7960,830,4833,10,24164
2018-05-25 21:35:25,https://www.paypal.com/,7275,306,650,2300,1341,54,11926
2018-05-25 21:35:26,https://www.wix.com/,11145,242,5116,2791,5851,7,25152
2018-05-25 21:35:30,https://www.nih.gov/,9866,63,5238,5186,4758,5,25116
2018-05-25 21:35:30,https://outlook.live.com/,2674,372,1900,7298,3332,0,15576
2018-05-25 21:35:38,https://www.elegantthemes.com/,3227,151,649,1086,6059,2,11174
2018-05-25 21:36:03,https://www.123-reg.co.uk/,4280,0,1047,4558,3480,343,13708
2018-05-25 21:36:07,https://www.tripadvisor.com/,2226,398,825,1081,12792,38,17360
2018-05-25 21:36:18,http://www.stumbleupon.com/,2071,79,411,1765,7545,236,12107
2018-05-25 21:36:37,https://issuu.com/,2577,116,2867,1480,18259,9,25308
2018-05-25 21:37:16,https://www.google.co.uk/,21267,110,12867,882,6746,15,41887
2018-05-25 21:37:30,http://go.com/,75,37,8214,4385,12306,22,25039
2018-05-25 21:37:49,https://www.bing.com/,2979,90,61,122,167,2,3421
2018-05-25 21:38:11,https://weibo.com/,1100,1672,2002,426,5291,3,10494
2018-05-25 21:38:18,https://www.bloomberg.com/,312,64,131,1745,11057,78,13387
2018-05-25 21:38:20,http://www.dailymail.co.uk/,142,1877,2233,5799,11533,86,21670
2018-05-25 21:38:22,https://www.wikimedia.org/,434,1,307,105,437,1,1285
2018-05-25 21:38:30,http://www.typepad.com/,718,102,39,858,775,9,2501
2018-05-25 21:38:39,https://www.aol.com/,397,357,231,5170,9243,221,15619
