"2018-06-24 14:14:42";"https://www.facebook.com/";"2672";"194";"218";"581";"1120";"27";"4812"
"2018-06-24 14:14:52";"https://twitter.com/";"987";"186";"76";"997";"755";"1";"3002"
"2018-06-24 14:14:52";"https://www.google.com/";"288";"113";"84";"863";"1116";"39";"2503"
"2018-06-24 14:15:00";"https://www.youtube.com/";"408";"191";"717";"1221";"281";"14";"2832"
"2018-06-24 14:15:17";"https://wordpress.org/";"346";"78";"230";"1525";"1248";"1";"3428"
"2018-06-24 14:15:20";"https://www.linkedin.com/";"5294";"336";"297";"4950";"813";"282";"11972"
"2018-06-24 14:15:22";"https://www.instagram.com/";"864";"129";"35";"3412";"903";"11";"5354"
"2018-06-24 14:15:26";"https://www.pinterest.com/";"1036";"303";"66";"986";"3555";"226";"6172"
"2018-06-24 14:15:32";"https://www.wikipedia.org/";"572";"164";"29";"2460";"76";"0";"3301"
"2018-06-24 14:15:37";"https://www.blogger.com/";"1350";"67";"256";"1022";"790";"0";"3485"
"2018-06-24 14:15:38";"https://wordpress.com/";"976";"107";"42";"1777";"3404";"272";"6578"
"2018-06-24 14:15:50";"https://www.adobe.com/";"418";"189";"91";"5375";"1987";"333";"8393"
"2018-06-24 14:16:14";"https://www.apple.com/";"5252";"90";"94";"3484";"799";"11";"9730"
"2018-06-24 14:16:16";"https://www.tumblr.com/";"643";"129";"43";"5153";"4015";"22";"10005"
"2018-06-24 14:16:21";"https://www.youtube.com/";"752";"109";"671";"4211";"292";"2";"6037"
"2018-06-24 14:16:33";"https://www.amazon.com/";"957";"137";"377";"2354";"1671";"19";"5515"
"2018-06-24 14:16:37";"https://goo.gl/";"1114";"81";"92";"1024";"945";"1";"3257"
"2018-06-24 14:16:49";"https://vimeo.com/";"429";"250";"68";"2000";"4203";"16";"6966"
"2018-06-24 14:16:54";"https://www.microsoft.com/";"1898";"310";"94";"2148";"899";"14";"5363"
"2018-06-24 14:17:23";"https://www.flickr.com/";"5757";"120";"87";"792";"10291";"13";"17060"
"2018-06-24 14:17:47";"https://www.godaddy.com/";"1876";"374";"1714";"132";"796";"5";"4897"
"2018-06-24 14:17:48";"https://www.yahoo.com/";"1214";"270";"446";"2835";"24105";"197";"29067"
"2018-06-24 14:17:54";"https://www.buydomains.com/";"3469";"357";"1006";"4469";"17491";"23";"26815"
"2018-06-24 14:17:56";"https://vk.com/";"1597";"344";"1701";"5885";"3144";"331";"13002"
"2018-06-24 14:17:59";"http://www.qq.com/";"1181";"79";"803";"7163";"19825";"2";"29053"
"2018-06-24 14:18:05";"https://www.w3.org/";"3022";"172";"1307";"729";"2199";"0";"7429"
"2018-06-24 14:18:13";"http://t.co/";"269";"103";"1313";"33";"107";"0";"1825"
"2018-06-24 14:18:19";"http://baidu.com/";"32";"16";"1263";"3";"35";"1";"1350"
"2018-06-24 14:18:21";"https://www.reddit.com/";"3881";"902";"1941";"1222";"23055";"56";"31057"
"2018-06-24 14:18:24";"http://www.baidu.com/";"670";"405";"449";"2796";"1466";"12";"5798"
"2018-06-24 14:18:25";"https://www.nytimes.com/";"2630";"178";"733";"6286";"13426";"23";"23276"
"2018-06-24 14:18:33";"http://europa.eu/";"39";"28";"731";"227";"1629";"4";"2658"
"2018-06-24 14:18:38";"https://www.gov.uk/";"1041";"50";"97";"1042";"771";"22";"3023"
"2018-06-24 14:19:03";"https://www.weebly.com/";"1660";"743";"1108";"2317";"2753";"3";"8584"
"2018-06-24 14:19:05";"http://statcounter.com/";"115";"384";"691";"2677";"5124";"0";"8991"
"2018-06-24 14:19:08";"https://www.blogger.com/";"3730";"52";"667";"1233";"856";"0";"6538"
"2018-06-24 14:19:29";"https://www.mozilla.org/";"6668";"97";"2113";"2831";"311";"9";"12029"
"2018-06-24 14:19:31";"http://www.bbc.com/";"632";"67";"605";"4950";"13298";"254";"19806"
"2018-06-24 14:19:31";"https://github.com/";"3693";"406";"1670";"5150";"2117";"2";"13038"
"2018-06-24 14:19:33";"https://soundcloud.com/";"1603";"178";"1440";"4196";"25426";"2";"32845"
"2018-06-24 14:19:35";"https://www.google.de/";"3922";"227";"792";"569";"2574";"60";"8144"
"2018-06-24 14:19:56";"https://myspace.com/";"1673";"191";"546";"8876";"13093";"137";"24516"
"2018-06-24 14:20:01";"https://yandex.ru/";"2201";"690";"2214";"8314";"2918";"10";"16347"
"2018-06-24 14:20:06";"https://www.jimdo.com/";"2273";"483";"895";"3276";"11792";"6";"18725"
"2018-06-24 14:20:13";"https://wordpress.com/";"3251";"71";"755";"761";"4035";"333";"9206"
"2018-06-24 14:20:20";"https://www.bluehost.com/";"1434";"389";"541";"7463";"3606";"3";"13436"
"2018-06-24 14:20:24";"https://www.addthis.com/";"1241";"137";"185";"1344";"1752";"2";"4661"
"2018-06-24 14:20:51";"https://www.theguardian.com/";"4277";"71";"430";"7846";"20285";"7";"32916"
"2018-06-24 14:20:53";"https://www.google.co.jp/";"4867";"206";"3654";"641";"4953";"52";"14373"
"2018-06-24 14:21:00";"http://en.gravatar.com/";"1663";"108";"1084";"4061";"1601";"0";"8517"
"2018-06-24 14:21:00";"https://www.nih.gov/";"5839";"59";"2564";"3138";"4453";"25";"16078"
"2018-06-24 14:21:01";"https://www.wix.com/";"2325";"208";"5699";"5566";"6945";"6";"20749"
"2018-06-24 14:21:02";"http://ascii.co.uk/";"88";"245";"3321";"1428";"10088";"15";"15185"
"2018-06-24 14:21:15";"https://outlook.live.com/";"1472";"111";"511";"7511";"914";"0";"10519"
"2018-06-24 14:21:16";"https://www.paypal.com/";"3944";"1193";"377";"6757";"573";"135";"12979"
"2018-06-24 14:21:41";"https://www.elegantthemes.com/";"2955";"159";"959";"2067";"4975";"10";"11125"
"2018-06-24 14:21:58";"https://www.cnn.com/";"3626";"64";"1853";"9631";"41045";"940";"57159"
"2018-06-24 14:22:25";"https://www.123-reg.co.uk/";"3473";"18";"5376";"757";"8277";"1158";"19059"
"2018-06-24 14:22:27";"https://www.tripadvisor.com/";"4385";"534";"1073";"1019";"10012";"53";"17076"
"2018-06-24 14:22:40";"http://www.stumbleupon.com/";"3301";"108";"1016";"1445";"692";"1";"6563"
"2018-06-24 14:22:43";"https://issuu.com/";"1706";"153";"735";"2168";"12243";"44";"17049"
"2018-06-24 14:22:57";"https://www.stumbleupon.com/";"65";"231";"196";"1675";"5211";"445";"7823"
"2018-06-24 14:23:08";"https://www.huffingtonpost.com/";"2754";"71";"2117";"5821";"31767";"225";"42755"
"2018-06-24 14:23:50";"https://creativecommons.org/";"4045";"118";"1498";"7955";"30564";"2";"44182"
"2018-06-24 14:24:01";"https://www.google.co.uk/";"14909";"137";"10365";"1504";"7065";"72";"34052"
"2018-06-24 14:24:02";"http://digg.com/";"298";"225";"4857";"15583";"46037";"374";"67374"
"2018-06-24 14:24:34";"https://aws.amazon.com/";"10351";"70";"10372";"12223";"23143";"20";"56179"
"2018-06-24 14:24:36";"https://www.addtoany.com/";"11063";"558";"15815";"297";"21850";"1";"49584"
"2018-06-24 14:24:45";"https://www.parallels.com/";"14146";"250";"12610";"2938";"51036";"2";"80982"
"2018-06-24 14:24:53";"https://www.e-recht24.de/";"15427";"682";"25524";"4059";"2284";"249";"48225"
"2018-06-24 14:25:07";"https://www.opera.com/";"19037";"394";"25494";"3109";"15912";"15";"63961"
"2018-06-24 14:25:44";"https://archive.org/";"8879";"331";"30805";"1995";"1431";"75";"43516"
"2018-06-24 14:25:56";"https://cpanel.com/";"23511";"154";"31452";"1048";"2824";"6";"58995"
"2018-06-24 14:26:09";"https://www.bing.com/";"19929";"239";"5267";"1330";"524";"2";"27291"
"2018-06-24 14:26:09";"https://cpanel.com/";"10871";"106";"6453";"166";"7328";"2";"24926"
"2018-06-24 14:26:15";"https://www.ebay.com/";"17566";"469";"18773";"7378";"1644";"72";"45902"
"2018-06-24 14:26:19";"https://ameblo.jp/";"20220";"381";"19438";"7160";"4874";"1";"52074"
"2018-06-24 14:26:21";"https://www.xing.com/";"13327";"334";"35912";"5251";"18065";"1";"72890"
"2018-06-24 14:26:33";"https://www.eventbrite.com/";"22160";"672";"30520";"17917";"38298";"274";"109841"
"2018-06-24 14:26:33";"https://fc2.com/";"15411";"195";"17411";"5100";"31801";"289";"70207"
"2018-06-24 14:26:57";"https://www.amazon.co.uk/";"31893";"213";"8340";"14372";"28303";"59";"83180"
"2018-06-24 14:27:20";"http://www.typepad.com/";"4032";"187";"28";"1054";"809";"11";"6121"
