"2018-06-24 16:36:09";"https://www.facebook.com/";"2583";"211";"556";"950";"2117";"99";"6516"
"2018-06-24 16:36:14";"https://twitter.com/";"398";"155";"279";"1477";"1202";"2";"3513"
"2018-06-24 16:36:15";"https://www.google.com/";"407";"97";"212";"1051";"1994";"45";"3806"
"2018-06-24 16:36:18";"https://www.youtube.com/";"422";"60";"660";"1291";"336";"9";"2778"
"2018-06-24 16:36:43";"https://www.blogger.com/";"2389";"100";"495";"4056";"493";"0";"7533"
"2018-06-24 16:36:44";"https://www.wikipedia.org/";"3706";"74";"134";"7035";"365";"0";"11314"
"2018-06-24 16:36:51";"https://www.instagram.com/";"9340";"220";"105";"6350";"7978";"106";"24099"
"2018-06-24 16:36:53";"https://wordpress.org/";"513";"15";"121";"1604";"25969";"1";"28223"
"2018-06-24 16:36:55";"https://wordpress.com/";"6736";"37";"70";"1053";"11772";"83";"19751"
"2018-06-24 16:36:55";"https://www.linkedin.com/";"7115";"6450";"3566";"15888";"732";"704";"34455"
"2018-06-24 16:36:57";"https://www.pinterest.com/";"7353";"239";"587";"2468";"17292";"67";"28006"
"2018-06-24 16:37:00";"https://www.adobe.com/";"1298";"0";"189";"10551";"4206";"275";"16519"
"2018-06-24 16:37:13";"https://www.apple.com/";"2214";"28";"1860";"10306";"82";"8";"14498"
"2018-06-24 16:37:13";"https://www.youtube.com/";"1145";"66";"1282";"9634";"167";"8";"12302"
"2018-06-24 16:37:14";"https://www.tumblr.com/";"2573";"124";"1040";"10186";"1830";"166";"15919"
"2018-06-24 16:37:18";"https://www.amazon.com/";"2345";"244";"681";"4339";"2190";"141";"9940"
"2018-06-24 16:37:21";"https://goo.gl/";"2590";"137";"706";"3284";"1746";"1";"8464"
"2018-06-24 16:37:29";"https://www.microsoft.com/";"3193";"235";"831";"3976";"503";"101";"8839"
"2018-06-24 16:37:50";"https://www.flickr.com/";"2317";"133";"3017";"644";"7247";"37";"13395"
"2018-06-24 16:37:59";"https://vimeo.com/";"1791";"103";"2114";"7116";"28551";"37";"39712"
"2018-06-24 16:38:04";"https://www.godaddy.com/";"3298";"342";"2897";"508";"1090";"37";"8172"
"2018-06-24 16:38:23";"http://t.co/";"668";"188";"7344";"12";"149";"0";"8361"
"2018-06-24 16:38:26";"http://baidu.com/";"256";"204";"6000";"5";"70";"7";"6542"
"2018-06-24 16:38:27";"https://www.w3.org/";"7917";"243";"13407";"691";"3371";"0";"25629"
"2018-06-24 16:38:37";"http://europa.eu/";"210";"407";"5818";"1039";"3178";"8";"10660"
"2018-06-24 16:38:47";"https://vk.com/";"3699";"394";"3864";"11092";"28058";"310";"47417"
"2018-06-24 16:38:51";"http://www.baidu.com/";"6037";"274";"7242";"9469";"250";"3";"23275"
"2018-06-24 16:38:55";"https://www.buydomains.com/";"14155";"490";"7518";"4531";"44549";"32";"71275"
"2018-06-24 16:39:03";"https://www.gov.uk/";"12927";"282";"13965";"6036";"722";"3";"33935"
"2018-06-24 16:39:17";"https://www.nytimes.com/";"5598";"397";"13584";"9833";"37397";"70";"66879"
"2018-06-24 16:39:20";"https://www.weebly.com/";"16558";"220";"8081";"4920";"9308";"2";"39089"
"2018-06-24 16:39:23";"https://www.mozilla.org/";"14306";"38";"11932";"1777";"353";"216";"28622"
"2018-06-24 16:39:30";"https://www.google.de/";"7675";"83";"9714";"1062";"10160";"17";"28711"
"2018-06-24 16:39:31";"https://github.com/";"5136";"95";"7951";"4254";"16270";"3";"33709"
"2018-06-24 16:39:36";"http://statcounter.com/";"237";"159";"9270";"6155";"35195";"1";"51017"
"2018-06-24 16:39:47";"https://www.blogger.com/";"30709";"172";"14426";"4134";"488";"0";"49929"
"2018-06-24 16:40:00";"https://yandex.ru/";"8257";"328";"12908";"25197";"728";"4";"47422"
"2018-06-24 16:40:27";"http://en.gravatar.com/";"14046";"560";"8277";"5117";"3357";"0";"31357"
"2018-06-24 16:40:30";"https://www.nih.gov/";"23819";"17";"5571";"8507";"1519";"40";"39473"
"2018-06-24 16:40:33";"https://www.google.co.jp/";"25708";"430";"10021";"2119";"12425";"15";"50718"
"2018-06-24 16:40:43";"https://www.wix.com/";"12569";"41";"17211";"7396";"15486";"9";"52712"
"2018-06-24 16:40:43";"https://wordpress.com/";"16267";"327";"23458";"635";"37790";"104";"78581"
"2018-06-24 16:41:03";"https://www.elegantthemes.com/";"11707";"558";"18306";"1714";"11654";"17";"43956"
"2018-06-24 16:41:03";"https://www.paypal.com/";"22904";"727";"18485";"1817";"12022";"146";"56101"
"2018-06-24 16:41:46";"https://www.etsy.com/";"279";"342";"61";"5053";"8928";"72";"14735"
"2018-06-24 16:41:50";"https://archive.org/";"2859";"860";"592";"2898";"839";"9";"8057"
"2018-06-24 16:41:51";"https://www.eventbrite.com/";"4321";"455";"152";"3439";"2739";"118";"11224"
"2018-06-24 16:41:52";"https://www.forbes.com/";"3188";"37";"28";"647";"31407";"138";"35445"
"2018-06-24 16:41:55";"https://cpanel.com/";"644";"64";"261";"5669";"87";"9";"6734"
"2018-06-24 16:41:55";"https://www.washingtonpost.com/";"345";"65";"264";"2778";"26432";"1685";"31569"
"2018-06-24 16:42:01";"https://www.xing.com/";"767";"170";"205";"1137";"5816";"2";"8097"
"2018-06-24 16:42:09";"https://sourceforge.net/";"426";"191";"152";"2845";"8265";"85";"11964"
"2018-06-24 16:42:13";"https://ameblo.jp/";"1008";"935";"407";"3400";"6455";"0";"12205"
"2018-06-24 16:42:14";"https://fc2.com/";"1746";"242";"562";"2462";"4128";"218";"9358"
"2018-06-24 16:42:14";"http://www.free.fr/";"1513";"369";"587";"3126";"1858";"0";"7453"
"2018-06-24 16:42:15";"https://www.bing.com/";"1797";"246";"630";"336";"777";"1";"3787"
"2018-06-24 16:42:15";"https://www.ebay.com/";"1280";"758";"1240";"3682";"4424";"36";"11420"
"2018-06-24 16:42:15";"https://www.amazon.co.uk/";"945";"198";"904";"1722";"9782";"15";"13566"
"2018-06-24 16:42:20";"https://cpanel.com/";"771";"605";"561";"555";"3590";"7";"6089"
"2018-06-24 16:42:43";"https://www.telegraph.co.uk/";"1810";"96";"1415";"11651";"28453";"511";"43936"
"2018-06-24 16:42:46";"https://www.livejournal.com/";"2192";"212";"831";"3039";"22608";"106";"28988"
"2018-06-24 16:42:51";"https://www.reuters.com/";"2646";"226";"496";"5560";"24439";"396";"33763"
"2018-06-24 16:43:07";"https://www.wikimedia.org/";"3604";"292";"3637";"125";"3244";"1";"10903"
"2018-06-24 16:43:17";"http://www.typepad.com/";"3286";"454";"1480";"3029";"6506";"21";"14776"
"2018-06-24 16:43:25";"https://weibo.com/";"4545";"759";"1054";"2873";"39372";"32";"48635"
"2018-06-24 16:43:27";"https://www.bloomberg.com/";"1450";"69";"423";"1902";"45358";"460";"49662"
"2018-06-24 16:43:31";"http://www.dailymail.co.uk/";"2131";"396";"2346";"18697";"33007";"329";"56906"
"2018-06-24 16:43:40";"https://www.aol.com/";"1928";"217";"3942";"5238";"28633";"347";"40305"
