2018-05-28 20:57:27,https://www.facebook.com/,2448,236,475,1112,1197,51,5519
2018-05-28 20:57:36,https://twitter.com/,256,109,210,885,1049,0,2509
2018-05-28 20:57:38,https://www.google.com/,431,113,258,786,1401,66,3055
2018-05-28 20:57:45,https://www.youtube.com/,373,67,1925,457,815,1,3638
2018-05-28 20:57:57,https://www.linkedin.com/,332,1763,124,1633,326,117,4295
2018-05-28 20:58:03,https://wordpress.org/,328,23,285,1273,1981,1,3891
2018-05-28 20:58:09,https://www.instagram.com/,558,559,535,3374,375,5,5406
2018-05-28 20:58:14,https://www.pinterest.com/,883,294,63,789,7322,167,9518
2018-05-28 20:58:24,https://www.blogger.com/,1428,32,369,2084,471,1,4385
2018-05-28 20:58:25,https://www.wikipedia.org/,1012,39,1209,569,4401,1,7231
2018-05-28 20:58:28,https://wordpress.com/,556,55,801,471,6764,207,8854
2018-05-28 20:58:38,https://www.adobe.com/,358,70,439,3940,4420,613,9840
2018-05-28 20:59:00,https://www.apple.com/,944,40,946,5462,819,93,8304
2018-05-28 20:59:03,https://www.tumblr.com/,897,118,291,8922,1214,57,11499
2018-05-28 20:59:06,https://www.youtube.com/,1097,65,474,4490,1130,10,7266
2018-05-28 20:59:23,https://www.amazon.com/,1197,135,781,3753,6430,67,12363
2018-05-28 20:59:23,https://goo.gl/,942,78,518,1446,1785,1,4770
2018-05-28 20:59:38,https://www.microsoft.com/,1159,159,394,2742,1525,16,5995
2018-05-28 20:59:40,https://vimeo.com/,522,114,392,4065,7408,31,12532
2018-05-28 21:00:01,https://www.flickr.com/,1204,122,299,425,7494,20,9564
2018-05-28 21:00:21,https://www.yahoo.com/,1025,85,1917,4760,9995,229,18011
2018-05-28 21:00:30,https://www.buydomains.com/,3116,469,555,1495,13596,66,19297
2018-05-28 21:00:33,https://www.godaddy.com/,2221,524,2303,2177,126,19,7370
2018-05-28 21:00:37,https://vk.com/,1470,179,1159,3690,2379,220,9097
2018-05-28 21:00:39,http://www.qq.com/,1139,31,419,9638,15300,1,26528
2018-05-28 21:00:50,https://www.w3.org/,3306,152,956,822,2311,0,7547
2018-05-28 21:00:56,http://t.co/,214,55,1464,76,91,0,1900
2018-05-28 21:00:57,https://www.reddit.com/,2600,974,3354,2797,16177,10,25912
2018-05-28 21:01:03,http://baidu.com/,10,1,1089,42,52,1,1195
2018-05-28 21:01:06,https://www.baidu.com/,689,347,143,843,789,10,2821
2018-05-28 21:01:13,https://www.nytimes.com/,3124,152,3467,13047,7065,52,26907
2018-05-28 21:01:19,http://europa.eu/,11,0,1297,2003,1793,4,5108
2018-05-28 21:01:22,https://www.gov.uk/,1275,48,233,1611,434,11,3612
2018-05-28 21:01:51,http://statcounter.com/,78,435,2318,3250,2757,10,8848
2018-05-28 21:01:51,https://www.weebly.com/,1666,163,364,4454,7250,1,13898
2018-05-28 21:01:55,https://www.blogger.com/,4280,41,735,1474,841,0,7371
2018-05-28 21:02:15,https://soundcloud.com/,3223,374,702,4034,18751,1,27085
2018-05-28 21:02:18,http://www.bbc.com/,636,47,64,11112,8589,193,20641
2018-05-28 21:02:18,https://github.com/,2321,105,1002,4895,2146,2,10471
2018-05-28 21:02:18,https://www.mozilla.org/,3018,34,1351,1050,1763,3,7219
2018-05-28 21:02:20,https://www.google.de/,5016,157,1629,693,3815,12,11322
2018-05-28 21:02:56,https://www.jimdo.com/,2890,48,715,1078,20203,109,25043
2018-05-28 21:02:58,https://yandex.ru/,2376,309,3230,6061,17625,33,29634
2018-05-28 21:03:03,https://wordpress.com/,7907,135,462,658,5944,492,15598
2018-05-28 21:03:05,https://www.bluehost.com/,6045,485,400,2591,5454,34,15009
2018-05-28 21:03:11,https://www.addthis.com/,2092,1,552,1248,3989,204,8086
2018-05-28 21:03:36,https://www.google.co.jp/,5059,87,5849,355,4137,60,15547
2018-05-28 21:03:40,https://www.theguardian.com/,5387,101,515,6512,25596,13,38124
2018-05-28 21:03:41,http://en.gravatar.com/,2322,140,1096,4413,731,0,8702
2018-05-28 21:03:43,https://www.nih.gov/,7016,57,1144,6326,1526,46,16115
2018-05-28 21:03:44,http://ascii.co.uk/,258,107,3588,1672,8469,40,14134
2018-05-28 21:03:47,https://www.wix.com/,6509,180,4603,2516,8124,473,22405
2018-05-28 21:03:56,https://www.paypal.com/,4507,344,825,582,1595,31,7884
2018-05-28 21:03:58,https://outlook.live.com/,2009,92,559,5112,675,0,8447
2018-05-28 21:04:19,https://www.elegantthemes.com/,2400,246,676,914,2697,2,6935
2018-05-28 21:04:25,https://www.cnn.com/,5905,56,761,7821,24938,290,39771
2018-05-28 21:05:01,https://www.123-reg.co.uk/,6577,0,427,665,5809,1280,14758
2018-05-28 21:05:02,https://www.tripadvisor.com/,1544,648,816,831,7285,72,11196
2018-05-28 21:05:26,http://www.stumbleupon.com/,3162,85,309,1144,4303,458,9461
2018-05-28 21:05:28,https://issuu.com/,2355,1153,1023,1323,16155,22,22031
2018-05-28 21:05:30,https://www.huffingtonpost.com/,2157,33,788,5966,17296,94,26334
2018-05-28 21:05:33,https://www.stumbleupon.com/,172,101,372,2022,2353,124,5144
2018-05-28 21:06:05,http://digg.com/,91,176,2244,5937,19892,140,28480
2018-05-28 21:06:08,https://creativecommons.org/,2799,8,591,5138,16909,2,25447
2018-05-28 21:06:23,https://www.google.co.uk/,8987,94,2284,971,5141,22,17499
2018-05-28 21:06:30,https://aws.amazon.com/,3542,119,2534,4337,5955,7,16494
2018-05-28 21:06:39,https://www.parallels.com/,12679,238,2288,2328,20852,4,38389
2018-05-28 21:06:39,https://www.dropbox.com/,7368,509,11057,273,18511,12,37730
2018-05-28 21:06:53,https://www.addtoany.com/,18679,31,1482,934,6038,1,27165
2018-05-28 21:06:59,https://www.msn.com/,15422,370,3015,6497,801,36,26141
2018-05-28 21:06:59,https://www.yelp.com/,6969,580,1356,9716,36502,3,55126
2018-05-28 21:07:03,https://www.e-recht24.de/,6088,1167,8086,2837,3772,647,22597
2018-05-28 21:07:05,https://www.opera.com/,6912,225,1779,1555,16568,2,27041
2018-05-28 21:07:10,http://go.com/,309,42,10034,5502,18277,137,34301
2018-05-28 21:07:29,https://www.etsy.com/,5378,354,2418,10802,6404,2,25358
2018-05-28 21:07:41,https://archive.org/,3561,1383,2829,2224,2776,30,12803
2018-05-28 21:07:41,https://cpanel.com/,4013,59,2309,1872,2054,6,10313
2018-05-28 21:08:13,https://www.eventbrite.com/,8698,532,1575,7012,25521,246,43584
2018-05-28 21:08:30,https://www.xing.com/,6866,299,19281,8727,17053,1,52227
2018-05-28 21:08:40,https://fc2.com/,7419,102,16530,3091,10250,422,37814
2018-05-28 21:08:50,https://cpanel.com/,10175,0,3544,1768,12986,6,28479
2018-05-28 21:08:50,https://sourceforge.net/,8313,235,12145,10664,27482,160,58999
2018-05-28 21:08:50,https://www.bing.com/,16864,492,3297,11539,1831,2,34025
2018-05-28 21:08:50,https://www.amazon.co.uk/,18674,239,9979,8273,12597,51,49813
2018-05-28 21:09:33,https://www.bloomberg.com/,4847,162,1308,890,23664,56,30927
2018-05-28 21:09:51,https://www.wikimedia.org/,7988,38,1566,283,1259,0,11134
2018-05-28 21:09:51,http://www.typepad.com/,3436,178,846,883,2689,28,8060
2018-05-28 21:10:24,https://www.aol.com/,8004,260,4411,8171,28619,642,50107
