2018-05-25 16:15:02,https://www.facebook.com/,2334,328,373,992,1124,39,5190
2018-05-25 16:15:09,https://twitter.com/,270,118,245,1116,897,0,2646
2018-05-25 16:15:11,https://www.google.com/,416,114,299,739,1243,38,2849
2018-05-25 16:15:18,https://www.youtube.com/,247,68,555,1420,2587,9,4886
2018-05-25 16:15:29,https://www.linkedin.com/,417,1167,265,2552,710,256,5367
2018-05-25 16:15:35,https://wordpress.org/,765,24,456,1588,2596,1,5430
2018-05-25 16:15:38,https://www.instagram.com/,1087,184,892,2568,409,5,5145
2018-05-25 16:15:50,https://www.wikipedia.org/,1432,53,556,4016,554,0,6611
2018-05-25 16:15:50,https://www.pinterest.com/,1292,241,92,793,12734,251,15403
2018-05-25 16:15:53,https://www.blogger.com/,2743,32,538,2499,383,0,6195
2018-05-25 16:15:57,https://wordpress.com/,1634,44,1711,4158,2968,359,10874
2018-05-25 16:16:05,https://www.adobe.com/,852,0,383,5689,3904,315,11143
2018-05-25 16:16:24,https://www.apple.com/,973,38,1051,6853,895,56,9866
2018-05-25 16:16:27,https://www.tumblr.com/,917,81,397,9294,907,36,11632
2018-05-25 16:16:38,https://www.youtube.com/,977,266,1052,8824,9474,5,20598
2018-05-25 16:16:39,https://www.amazon.com/,1068,121,668,5338,1587,60,8842
2018-05-25 16:16:44,https://goo.gl/,1355,73,584,3592,1679,1,7284
2018-05-25 16:16:56,https://www.microsoft.com/,1120,154,462,3970,1623,34,7363
2018-05-25 16:17:06,https://vimeo.com/,1774,106,1242,4711,11217,55,19105
2018-05-25 16:17:14,https://www.flickr.com/,1978,110,588,632,6154,41,9503
2018-05-25 16:17:32,https://www.yahoo.com/,1507,98,1695,5583,9706,95,18684
2018-05-25 16:17:37,https://www.godaddy.com/,2353,285,1013,947,1373,45,6016
2018-05-25 16:17:42,https://www.buydomains.com/,4556,1222,1041,2018,12334,141,21312
2018-05-25 16:17:51,https://vk.com/,2512,248,3342,4729,4129,253,15213
2018-05-25 16:17:58,https://www.w3.org/,4223,191,3142,1038,2990,0,11584
2018-05-25 16:18:00,http://t.co/,567,160,1781,107,456,1,3072
2018-05-25 16:18:04,http://baidu.com/,49,190,2695,45,107,0,3086
2018-05-25 16:18:07,https://www.baidu.com/,851,241,334,1336,411,12,3185
2018-05-25 16:18:09,https://www.reddit.com/,3394,861,3643,3329,19885,9,31121
2018-05-25 16:18:16,http://europa.eu/,28,1,1525,543,2178,2,4277
2018-05-25 16:18:19,https://www.nytimes.com/,2758,209,2002,16115,9754,19,30857
2018-05-25 16:18:21,https://www.gov.uk/,1629,0,449,1326,674,1,4079
2018-05-25 16:18:43,http://statcounter.com/,101,509,2092,2817,2143,1,7663
2018-05-25 16:18:46,https://www.weebly.com/,2234,175,369,3992,8558,1,15329
2018-05-25 16:18:48,https://www.blogger.com/,3439,74,1227,1886,778,0,7404
2018-05-25 16:19:07,https://soundcloud.com/,2294,196,906,3923,20195,1,27515
2018-05-25 16:19:09,https://github.com/,3283,110,3103,4374,1718,2,12590
2018-05-25 16:19:10,https://www.mozilla.org/,2929,0,966,825,2354,21,7095
2018-05-25 16:19:12,https://www.google.de/,3211,245,4440,1077,3401,51,12425
2018-05-25 16:19:13,http://www.bbc.com/,472,24,197,9122,15711,34,25560
2018-05-25 16:19:24,https://www.jimdo.com/,1294,115,410,1000,5284,1,8104
2018-05-25 16:19:24,https://yandex.ru/,1445,398,1252,5985,794,6,9880
2018-05-25 16:19:41,https://wordpress.com/,1564,52,793,2854,4574,354,10191
2018-05-25 16:19:47,https://www.bluehost.com/,3267,273,584,3578,5822,133,13657
2018-05-25 16:19:53,https://myspace.com/,3293,22940,879,5969,16478,357,49916
2018-05-25 16:19:56,https://www.addthis.com/,2742,218,893,1595,5456,253,11157
2018-05-25 16:20:19,http://en.gravatar.com/,2919,78,878,2236,919,0,7030
2018-05-25 16:20:26,https://www.google.co.jp/,8375,115,5784,983,5864,23,21144
2018-05-25 16:20:27,https://www.nih.gov/,7231,86,3497,3826,1775,23,16438
2018-05-25 16:20:30,https://www.wix.com/,8981,93,1541,3884,10200,3,24702
2018-05-25 16:20:30,http://ascii.co.uk/,175,167,4691,1883,13479,273,20668
2018-05-25 16:20:31,https://www.theguardian.com/,7834,63,746,5452,34590,24,48709
2018-05-25 16:20:35,https://www.paypal.com/,4999,312,1615,875,2329,90,10220
2018-05-25 16:20:36,https://outlook.live.com/,1753,128,1426,5671,1142,0,10120
2018-05-25 16:20:48,https://www.elegantthemes.com/,2487,54,784,2146,1086,14,6571
2018-05-25 16:21:19,https://www.123-reg.co.uk/,1854,0,762,460,3416,1141,7633
2018-05-25 16:21:21,https://www.tripadvisor.com/,2169,299,1098,1273,3765,151,8755
2018-05-25 16:21:41,https://issuu.com/,1698,96,863,1544,8936,42,13179
2018-05-25 16:21:41,http://www.stumbleupon.com/,2493,82,316,1497,600,1,4989
2018-05-25 16:21:55,https://www.stumbleupon.com/,31,96,599,1496,2594,132,4948
2018-05-25 16:22:44,https://creativecommons.org/,4097,45,7905,12837,15316,3,40203
2018-05-25 16:22:44,https://www.google.co.uk/,8843,160,2970,1211,15253,72,28509
2018-05-25 16:22:45,https://www.parallels.com/,12058,417,2972,2879,20025,9,38360
2018-05-25 16:23:05,https://www.imdb.com/,8463,281,8973,8621,28585,135,55058
2018-05-25 16:23:05,https://www.addtoany.com/,15627,31,2759,1383,7411,1,27212
2018-05-25 16:23:05,https://www.dropbox.com/,14507,134,16800,275,10412,106,42234
2018-05-25 16:23:19,https://www.e-recht24.de/,6187,481,2589,13518,3606,596,26977
2018-05-25 16:23:24,https://www.opera.com/,6655,800,2626,1940,26929,8,38958
2018-05-25 16:23:58,https://archive.org/,7389,225,13492,2009,912,89,24116
2018-05-25 16:24:16,https://www.etsy.com/,7865,256,10399,31210,5895,1,55626
2018-05-25 16:24:17,https://cpanel.com/,14962,63,26008,698,897,4,42632
2018-05-25 16:24:22,https://www.xing.com/,6025,393,7362,14702,19703,2,48187
2018-05-25 16:24:24,https://www.eventbrite.com/,10713,550,13088,22064,14825,431,61671
2018-05-25 16:24:37,https://www.ebay.com/,12449,135,13205,8708,1646,105,36248
2018-05-25 16:24:47,https://fc2.com/,14119,106,9543,7623,4880,7,36278
2018-05-25 16:24:47,https://cpanel.com/,7774,214,3063,6205,5465,47,22768
2018-05-25 16:24:49,https://www.washingtonpost.com/,23035,41,6728,12406,58907,4087,105204
2018-05-25 16:24:49,https://www.bing.com/,15668,1056,4981,10940,734,19,33398
2018-05-25 16:24:57,https://ameblo.jp/,16087,195,11552,5421,20685,0,53940
2018-05-25 16:25:29,https://www.wikimedia.org/,16914,71,1741,133,2287,0,21146
2018-05-25 16:25:29,http://www.typepad.com/,8150,138,955,1852,2317,58,13470
