2018-05-28 12:11:49,https://www.facebook.com/,2296,181,495,1031,1231,22,5256
2018-05-28 12:11:59,https://twitter.com/,220,112,240,776,1087,1,2436
2018-05-28 12:12:01,https://www.google.com/,620,111,270,735,1054,17,2807
2018-05-28 12:12:09,https://www.youtube.com/,382,78,506,1832,971,23,3792
2018-05-28 12:12:22,https://www.linkedin.com/,362,2236,114,1449,265,165,4591
2018-05-28 12:12:27,https://wordpress.org/,416,88,227,422,1937,1,3091
2018-05-28 12:12:33,https://www.instagram.com/,2047,200,278,2330,303,2,5160
2018-05-28 12:12:36,https://www.pinterest.com/,995,234,67,630,4662,98,6686
2018-05-28 12:12:43,https://www.wikipedia.org/,692,36,433,1830,178,1,3170
2018-05-28 12:12:48,https://www.blogger.com/,1441,33,226,1348,346,0,3394
2018-05-28 12:12:49,https://wordpress.com/,799,67,816,2608,1441,102,5833
2018-05-28 12:12:58,https://www.adobe.com/,458,62,345,2854,1723,176,5618
2018-05-28 12:13:27,https://www.apple.com/,728,43,981,5462,514,32,7760
2018-05-28 12:13:28,https://www.tumblr.com/,793,113,319,6589,750,7,8571
2018-05-28 12:13:33,https://www.youtube.com/,1233,102,617,2921,940,1,5814
2018-05-28 12:13:44,https://www.amazon.com/,608,148,408,2131,1862,38,5195
2018-05-28 12:13:49,https://goo.gl/,638,53,427,617,699,13,2447
2018-05-28 12:14:07,https://www.microsoft.com/,1401,189,366,2385,216,8,4565
2018-05-28 12:14:11,https://vimeo.com/,915,110,528,3569,7712,29,12863
2018-05-28 12:14:31,https://www.flickr.com/,1502,91,352,565,5050,55,7615
2018-05-28 12:14:53,https://www.yahoo.com/,649,93,515,4212,11106,235,16810
2018-05-28 12:15:04,https://www.buydomains.com/,4546,321,505,2198,12681,61,20312
2018-05-28 12:15:10,https://www.godaddy.com/,2301,237,1655,1624,2423,31,8271
2018-05-28 12:15:12,https://vk.com/,1580,254,822,4803,3603,155,11217
2018-05-28 12:15:24,https://www.w3.org/,3118,56,554,3452,376,0,7556
2018-05-28 12:15:34,http://t.co/,96,48,3202,127,388,2,3863
2018-05-28 12:15:39,https://www.reddit.com/,3860,905,3009,1086,20823,94,29777
2018-05-28 12:15:40,http://baidu.com/,51,1,2213,50,64,0,2379
2018-05-28 12:15:44,https://www.baidu.com/,579,316,355,2322,350,23,3945
2018-05-28 12:15:55,http://europa.eu/,46,1,2337,500,1312,1,4197
2018-05-28 12:15:58,https://www.nytimes.com/,2585,28,1109,15098,16461,140,35421
2018-05-28 12:16:01,https://www.gov.uk/,2295,1,428,1209,773,1,4707
2018-05-28 12:16:31,http://statcounter.com/,74,300,3054,3077,5200,0,11705
2018-05-28 12:16:32,https://www.weebly.com/,2011,184,364,3088,10288,1,15936
2018-05-28 12:16:36,https://www.blogger.com/,6736,106,1117,1429,765,0,10153
2018-05-28 12:16:59,http://www.bbc.com/,741,52,48,8461,12370,429,22101
2018-05-28 12:17:01,https://soundcloud.com/,4582,171,1090,3775,24545,2,34165
2018-05-28 12:17:03,https://github.com/,3772,92,5510,4027,3304,1,16706
2018-05-28 12:17:04,https://www.mozilla.org/,588,29,1162,821,2586,2,5188
2018-05-28 12:17:05,https://www.google.de/,5208,175,4478,912,3970,93,14836
2018-05-28 12:17:23,https://yandex.ru/,2392,333,3236,6216,1199,121,13497
2018-05-28 12:17:26,https://www.jimdo.com/,2725,33,998,1598,6850,1,12205
2018-05-28 12:17:39,https://myspace.com/,3838,591,1974,11088,25655,519,43665
2018-05-28 12:17:46,https://www.bluehost.com/,3676,1290,868,3101,1755,27,10717
2018-05-28 12:17:49,https://wordpress.com/,6260,47,1084,373,11656,216,19636
2018-05-28 12:17:56,https://www.addthis.com/,2314,85,468,1212,4743,203,9025
2018-05-28 12:18:29,http://en.gravatar.com/,2814,239,1323,3195,554,0,8125
2018-05-28 12:18:29,https://www.google.co.jp/,7587,98,8723,1214,5447,90,23159
2018-05-28 12:18:31,https://www.nih.gov/,7746,85,1670,4504,2774,56,16835
2018-05-28 12:18:42,https://www.wix.com/,11597,173,1557,5885,12898,3,32113
2018-05-28 12:18:43,http://ascii.co.uk/,787,115,4271,2029,19019,115,26336
2018-05-28 12:18:49,https://outlook.live.com/,2740,63,1322,4950,808,1,9884
2018-05-28 12:18:49,https://www.paypal.com/,6461,1866,796,888,1418,19,11448
2018-05-28 12:19:09,https://www.elegantthemes.com/,4303,60,753,2108,2486,1,9711
2018-05-28 12:19:22,https://www.cnn.com/,8602,28,1474,9493,29853,340,49790
2018-05-28 12:19:47,https://www.123-reg.co.uk/,2209,1,523,1477,5909,958,11077
2018-05-28 12:19:50,https://www.tripadvisor.com/,2798,861,349,556,4464,101,9129
2018-05-28 12:20:14,https://issuu.com/,2940,98,811,1803,9669,2,15323
2018-05-28 12:20:18,http://www.stumbleupon.com/,3820,87,346,1063,3909,274,9499
2018-05-28 12:20:22,https://www.stumbleupon.com/,56,86,235,630,2078,235,3320
2018-05-28 12:21:42,https://www.parallels.com/,17172,240,16421,1061,17406,3,52303
2018-05-28 12:21:48,https://www.addtoany.com/,14907,145,8815,238,11858,1,35964
2018-05-28 12:21:48,https://www.google.co.uk/,21842,97,16170,731,13115,115,52070
2018-05-28 12:22:11,https://www.dropbox.com/,24244,191,17742,501,18854,59,61591
2018-05-28 12:22:21,https://www.e-recht24.de/,12660,477,22986,2729,913,300,40065
2018-05-28 12:22:25,https://www.opera.com/,10320,636,15639,1109,18533,2,46239
2018-05-28 12:22:50,https://www.etsy.com/,7827,276,13600,6169,8335,2,36209
2018-05-28 12:22:54,https://archive.org/,4866,333,13606,1774,2368,18,22965
2018-05-28 12:23:31,https://cpanel.com/,14142,55,30327,1548,1273,9,47354
2018-05-28 12:23:49,https://www.livejournal.com/,4169,181,93,1698,7513,38,13692
2018-05-28 12:24:16,https://weibo.com/,5933,3753,384,2942,11428,2,24442
2018-05-28 12:24:36,https://www.wikimedia.org/,1099,48,658,348,1536,1,3690
2018-05-28 12:24:40,https://www.bloomberg.com/,418,66,355,2390,38841,288,42358
2018-05-28 12:24:47,http://www.typepad.com/,1183,112,403,1729,1988,98,5513
2018-05-28 12:25:27,https://www.aol.com/,1163,266,519,11430,33224,1559,48161
