"2018-05-29 20:10:24";"https://www.facebook.com/";"2676";"169";"107";"686";"798";"39";"4475"
"2018-05-29 20:10:34";"https://twitter.com/";"334";"143";"223";"1059";"1002";"1";"2762"
"2018-05-29 20:10:36";"https://www.google.com/";"485";"129";"293";"704";"1913";"14";"3538"
"2018-05-29 20:10:45";"https://www.youtube.com/";"450";"76";"566";"3790";"602";"3";"5487"
"2018-05-29 20:11:03";"https://wordpress.org/";"319";"51";"302";"1754";"2528";"0";"4954"
"2018-05-29 20:11:06";"https://www.linkedin.com/";"6194";"792";"393";"6378";"1057";"371";"15185"
"2018-05-29 20:11:10";"https://www.instagram.com/";"2106";"191";"451";"4061";"379";"26";"7214"
"2018-05-29 20:11:21";"https://www.pinterest.com/";"1490";"351";"59";"1456";"13252";"337";"16945"
"2018-05-29 20:11:23";"https://www.wikipedia.org/";"1340";"38";"451";"6045";"458";"1";"8333"
"2018-05-29 20:11:24";"https://www.blogger.com/";"1986";"33";"484";"2744";"484";"0";"5731"
"2018-05-29 20:11:28";"https://wordpress.com/";"1052";"99";"1100";"4864";"2317";"474";"9906"
"2018-05-29 20:11:42";"https://www.adobe.com/";"584";"50";"689";"6941";"6155";"401";"14820"
"2018-05-29 20:11:57";"https://www.apple.com/";"711";"41";"368";"4948";"883";"15";"6966"
"2018-05-29 20:12:00";"https://www.tumblr.com/";"888";"101";"258";"7581";"1464";"55";"10347"
"2018-05-29 20:12:01";"https://www.youtube.com/";"816";"128";"528";"3026";"518";"24";"5040"
"2018-05-29 20:12:11";"https://www.amazon.com/";"727";"124";"326";"1802";"1982";"24";"4985"
"2018-05-29 20:12:17";"https://goo.gl/";"733";"57";"151";"477";"520";"0";"1938"
"2018-05-29 20:12:32";"https://vimeo.com/";"520";"108";"279";"2618";"4113";"44";"7682"
"2018-05-29 20:12:36";"https://www.microsoft.com/";"1853";"197";"357";"2404";"1815";"23";"6649"
"2018-05-29 20:13:17";"https://www.buydomains.com/";"1150";"350";"346";"1712";"5707";"117";"9382"
"2018-05-29 20:13:22";"https://www.godaddy.com/";"671";"849";"124";"1750";"133";"38";"3565"
"2018-05-29 20:13:31";"https://vk.com/";"876";"168";"204";"3621";"2168";"163";"7200"
"2018-05-29 20:13:46";"https://www.w3.org/";"1260";"151";"362";"5115";"380";"0";"7268"
"2018-05-29 20:13:55";"http://t.co/";"80";"46";"875";"119";"442";"0";"1562"
"2018-05-29 20:14:01";"http://baidu.com/";"27";"14";"1001";"31";"179";"0";"1252"
"2018-05-29 20:14:05";"https://www.baidu.com/";"520";"273";"194";"2066";"826";"4";"3883"
"2018-05-29 20:14:13";"https://www.reddit.com/";"661";"548";"4431";"2379";"34295";"185";"42499"
"2018-05-29 20:14:21";"http://europa.eu/";"61";"25";"1296";"1755";"2536";"3";"5676"
"2018-05-29 20:14:26";"https://www.gov.uk/";"1974";"56";"826";"2910";"832";"1";"6599"
"2018-05-29 20:14:44";"https://www.nytimes.com/";"1148";"40";"402";"19785";"36430";"81";"57886"
"2018-05-29 20:14:48";"http://statcounter.com/";"86";"348";"922";"2001";"3567";"0";"6924"
"2018-05-29 20:14:54";"https://www.blogger.com/";"3672";"156";"380";"2573";"921";"0";"7702"
"2018-05-29 20:15:04";"https://www.weebly.com/";"6711";"185";"1873";"6589";"9664";"19";"25041"
"2018-05-29 20:15:13";"https://soundcloud.com/";"1389";"495";"1560";"5565";"19387";"1";"28397"
"2018-05-29 20:15:19";"https://www.mozilla.org/";"787";"30";"513";"1087";"3198";"12";"5627"
"2018-05-29 20:15:21";"https://github.com/";"2638";"121";"893";"9299";"2157";"2";"15110"
"2018-05-29 20:15:28";"https://www.google.de/";"3615";"101";"1726";"2775";"8675";"93";"16985"
"2018-05-29 20:15:45";"https://www.jimdo.com/";"2654";"115";"1122";"2721";"7439";"1";"14052"
"2018-05-29 20:16:04";"https://wordpress.com/";"5028";"45";"965";"926";"8871";"300";"16135"
"2018-05-29 20:16:04";"https://www.bluehost.com/";"2979";"645";"1238";"5789";"4070";"4";"14725"
"2018-05-29 20:16:14";"https://www.addthis.com/";"1506";"8";"656";"2230";"6506";"380";"11286"
"2018-05-29 20:16:44";"https://www.google.co.jp/";"2562";"94";"4465";"1121";"11203";"49";"19494"
"2018-05-29 20:16:44";"http://en.gravatar.com/";"3093";"233";"894";"4733";"854";"0";"9807"
"2018-05-29 20:16:47";"https://www.nih.gov/";"5126";"479";"1334";"5340";"3497";"4";"15780"
"2018-05-29 20:16:52";"https://www.wix.com/";"4050";"184";"5729";"5041";"13044";"3";"28051"
"2018-05-29 20:16:54";"http://ascii.co.uk/";"270";"342";"3032";"2625";"17217";"23";"23509"
"2018-05-29 20:17:01";"https://www.paypal.com/";"5653";"239";"1043";"2833";"1875";"92";"11735"
"2018-05-29 20:17:02";"https://outlook.live.com/";"2088";"95";"2091";"7269";"1164";"0";"12707"
"2018-05-29 20:17:21";"https://www.elegantthemes.com/";"3659";"836";"626";"1260";"2939";"1";"9321"
"2018-05-29 20:17:30";"http://www.qq.com/";"2710";"42";"273";"9699";"16442";"1";"29167"
"2018-05-29 20:17:59";"https://www.123-reg.co.uk/";"1511";"133";"513";"961";"9199";"1897";"14214"
"2018-05-29 20:18:10";"https://www.tripadvisor.com/";"1677";"731";"707";"858";"13912";"69";"17954"
"2018-05-29 20:18:31";"https://issuu.com/";"3150";"93";"1161";"3464";"14271";"20";"22159"
"2018-05-29 20:18:31";"http://www.stumbleupon.com/";"4113";"84";"686";"3641";"8276";"273";"17073"
"2018-05-29 20:18:44";"https://www.stumbleupon.com/";"361";"90";"372";"4401";"3769";"150";"9143"
"2018-05-29 20:19:22";"https://creativecommons.org/";"4969";"894";"10048";"11826";"7730";"3";"35470"
"2018-05-29 20:19:30";"https://www.google.co.uk/";"7560";"124";"2349";"1659";"9757";"90";"21539"
"2018-05-29 20:19:46";"https://www.parallels.com/";"10016";"236";"2423";"2750";"29527";"3";"44955"
"2018-05-29 20:19:59";"https://www.dropbox.com/";"13372";"362";"24842";"654";"15624";"114";"54968"
"2018-05-29 20:20:14";"https://www.opera.com/";"10148";"141";"12555";"477";"485";"2661";"26467"
"2018-05-29 20:20:14";"https://www.addtoany.com/";"28923";"58";"10840";"1803";"10724";"1";"52349"
"2018-05-29 20:20:32";"https://www.e-recht24.de/";"12797";"918";"10090";"7755";"5751";"968";"38279"
"2018-05-29 20:20:48";"https://www.etsy.com/";"7645";"265";"5135";"16914";"4557";"1";"34517"
"2018-05-29 20:21:28";"https://archive.org/";"8812";"358";"33143";"2410";"1603";"24";"46350"
"2018-05-29 20:21:33";"https://cpanel.com/";"43682";"57";"10896";"737";"1258";"15";"56645"
"2018-05-29 20:21:52";"https://www.bing.com/";"17892";"85";"4732";"3492";"2104";"22";"28327"
"2018-05-29 20:21:58";"https://www.ebay.com/";"15708";"175";"15403";"8863";"1165";"150";"41464"
"2018-05-29 20:22:03";"https://www.xing.com/";"17982";"998";"25194";"10716";"10614";"1";"65505"
"2018-05-29 20:22:11";"https://ameblo.jp/";"16809";"660";"14149";"12789";"21731";"1";"66139"
"2018-05-29 20:22:13";"https://fc2.com/";"13966";"104";"15362";"4864";"31738";"138";"66172"
"2018-05-29 20:22:41";"https://www.bloomberg.com/";"9524";"559";"2701";"1099";"20342";"164";"34389"
"2018-05-29 20:22:47";"https://www.wikimedia.org/";"12789";"16";"1756";"18";"2040";"1";"16620"
"2018-05-29 20:22:47";"http://www.typepad.com/";"4424";"223";"1381";"1795";"1646";"0";"9469"
"2018-05-29 20:23:23";"https://weibo.com/";"38100";"1594";"3057";"7702";"33169";"26";"83648"
