2018-05-25 13:44:57,https://www.facebook.com/,2188,240,309,1445,2080,75,6337
2018-05-25 13:45:04,https://twitter.com/,287,99,235,1217,1211,1,3050
2018-05-25 13:45:04,https://www.google.com/,373,97,192,702,1229,43,2636
2018-05-25 13:45:13,https://www.youtube.com/,457,72,589,2073,2794,8,5993
2018-05-25 13:45:24,https://www.linkedin.com/,422,1192,200,2504,952,198,5468
2018-05-25 13:45:29,https://wordpress.org/,756,23,565,1588,3301,0,6233
2018-05-25 13:45:31,https://www.instagram.com/,1049,187,354,2348,401,13,4352
2018-05-25 13:45:43,https://www.pinterest.com/,1443,434,39,1379,11597,269,15161
2018-05-25 13:45:43,https://www.wikipedia.org/,1249,37,464,5205,343,1,7299
2018-05-25 13:45:46,https://www.blogger.com/,1878,33,495,3016,560,1,5983
2018-05-25 13:45:48,https://wordpress.com/,1329,61,1039,697,5610,321,9057
2018-05-25 13:45:58,https://www.adobe.com/,681,67,257,5092,3229,234,9560
2018-05-25 13:46:13,https://www.apple.com/,850,52,377,5736,381,6,7402
2018-05-25 13:46:19,https://www.tumblr.com/,598,94,369,9007,2106,24,12198
2018-05-25 13:46:27,https://www.youtube.com/,956,63,750,6722,5697,1,14189
2018-05-25 13:46:35,https://www.amazon.com/,850,123,716,5138,6117,13,12957
2018-05-25 13:46:37,https://goo.gl/,1653,81,393,1957,2129,7,6220
2018-05-25 13:46:46,https://www.microsoft.com/,755,227,575,2989,1575,37,6158
2018-05-25 13:46:55,https://vimeo.com/,898,287,657,4027,10313,12,16194
2018-05-25 13:47:04,https://www.flickr.com/,716,86,501,235,5551,23,7112
2018-05-25 13:47:22,https://www.yahoo.com/,520,67,1143,5604,10097,42,17473
2018-05-25 13:47:30,https://www.godaddy.com/,2797,513,884,685,920,46,5845
2018-05-25 13:47:31,https://www.buydomains.com/,2506,313,1004,2099,10402,31,16355
2018-05-25 13:47:36,http://www.qq.com/,1041,75,399,8749,10436,1,20701
2018-05-25 13:47:40,https://vk.com/,2270,179,1841,3699,1940,192,10121
2018-05-25 13:47:48,https://www.w3.org/,4607,83,1171,624,3284,0,9769
2018-05-25 13:47:54,http://t.co/,174,47,1874,221,38,0,2354
2018-05-25 13:47:56,http://baidu.com/,23,29,1530,36,122,0,1740
2018-05-25 13:47:59,https://www.reddit.com/,1420,1410,4994,2554,18039,7,28424
2018-05-25 13:47:59,https://www.baidu.com/,638,257,142,2020,321,15,3393
2018-05-25 13:48:08,https://www.nytimes.com/,987,313,890,10596,12561,11,25358
2018-05-25 13:48:12,http://europa.eu/,172,218,1138,2742,1531,2,5803
2018-05-25 13:48:12,https://www.gov.uk/,2041,25,351,883,509,5,3814
2018-05-25 13:48:35,http://statcounter.com/,88,334,1977,2433,2589,4,7425
2018-05-25 13:48:36,https://www.weebly.com/,1204,229,317,3867,6185,8,11810
2018-05-25 13:48:40,https://www.blogger.com/,3544,84,571,1402,590,0,6191
2018-05-25 13:48:56,https://soundcloud.com/,2597,148,770,3651,16242,2,23410
2018-05-25 13:49:00,http://www.bbc.com/,857,38,27,8232,10409,49,19612
2018-05-25 13:49:01,https://www.google.de/,1776,193,1121,1554,3287,59,7990
2018-05-25 13:49:01,https://www.mozilla.org/,885,199,523,3630,564,4,5805
2018-05-25 13:49:01,https://github.com/,2061,174,1449,7102,1567,1,12354
2018-05-25 13:49:23,https://yandex.ru/,1666,283,2447,6285,2818,4,13503
2018-05-25 13:49:27,https://www.jimdo.com/,2090,156,792,1939,11917,2,16896
2018-05-25 13:49:28,https://myspace.com/,2844,176,746,8870,17189,179,30004
2018-05-25 13:49:37,https://www.bluehost.com/,1850,364,843,3777,3536,10,10380
2018-05-25 13:49:37,https://wordpress.com/,2969,62,696,547,8176,299,12749
2018-05-25 13:49:44,https://www.addthis.com/,1195,198,438,1488,4079,230,7628
2018-05-25 13:50:00,https://www.theguardian.com/,4342,77,492,7180,12411,7,24509
2018-05-25 13:50:03,https://www.google.co.jp/,4084,139,3776,526,2797,87,11409
2018-05-25 13:50:06,http://en.gravatar.com/,1585,111,751,3792,604,0,6843
2018-05-25 13:50:08,https://www.nih.gov/,3710,95,2190,2880,3346,4,12225
2018-05-25 13:50:10,http://ascii.co.uk/,390,104,1934,1440,6824,6,10698
2018-05-25 13:50:15,https://www.wix.com/,4022,123,2816,2059,11213,2,20235
2018-05-25 13:50:20,https://outlook.live.com/,1125,68,394,3186,1072,0,5845
2018-05-25 13:50:20,https://www.paypal.com/,2809,287,1123,759,2463,95,7536
2018-05-25 13:50:38,https://www.elegantthemes.com/,1290,65,455,514,2856,1,5181
2018-05-25 13:50:45,https://www.cnn.com/,3936,37,405,7711,21180,185,33454
2018-05-25 13:51:09,https://www.123-reg.co.uk/,1369,133,249,440,3630,391,6212
2018-05-25 13:51:13,https://www.tripadvisor.com/,1832,331,238,493,3090,18,6002
2018-05-25 13:51:30,https://issuu.com/,1080,89,758,2039,6170,3,10139
2018-05-25 13:51:32,http://www.stumbleupon.com/,2079,81,354,931,427,1,3873
2018-05-25 13:51:41,https://www.stumbleupon.com/,19,84,489,1243,2570,203,4608
2018-05-25 13:52:15,https://creativecommons.org/,2815,27,3090,8720,10893,2,25547
2018-05-25 13:52:22,https://www.google.co.uk/,6617,136,1512,1065,6288,88,15706
2018-05-25 13:52:35,https://www.parallels.com/,8470,222,1068,4588,12249,14,26611
2018-05-25 13:52:41,https://www.dropbox.com/,5644,260,2930,1082,16046,47,26009
2018-05-25 13:52:43,https://aws.amazon.com/,3135,96,1416,15167,13800,9,33623
2018-05-25 13:53:01,https://www.msn.com/,18951,158,2249,9230,451,23,31062
2018-05-25 13:53:02,https://www.addtoany.com/,20334,101,6669,502,8517,1,36124
2018-05-25 13:53:03,https://www.opera.com/,8555,263,5834,483,350,6570,22055
2018-05-25 13:53:04,https://www.e-recht24.de/,9383,699,8434,3277,1883,607,24283
2018-05-25 13:53:07,https://www.forbes.com/,25353,76,6622,2375,13817,148,48391
2018-05-25 13:53:31,https://www.etsy.com/,5143,287,2138,12036,6086,1,25691
2018-05-25 13:53:45,https://archive.org/,8802,295,14485,1433,924,96,26035
2018-05-25 13:54:02,https://cpanel.com/,14617,61,11472,765,1606,4,28525
2018-05-25 13:54:06,https://www.ebay.com/,6329,167,7715,3212,916,69,18408
2018-05-25 13:54:06,http://www.free.fr/,4229,183,7643,3347,572,0,15974
2018-05-25 13:54:07,https://ameblo.jp/,7679,203,11503,5406,847,0,25638
2018-05-25 13:54:09,https://www.eventbrite.com/,14728,552,14300,11207,17733,131,58651
2018-05-25 13:54:11,https://fc2.com/,5401,179,8509,1725,9990,189,25993
2018-05-25 13:54:12,https://www.xing.com/,7993,471,11472,9802,11929,2,41669
2018-05-25 13:54:14,https://www.bing.com/,16075,793,2932,2679,63,1,22543
2018-05-25 13:54:16,https://sourceforge.net/,8830,229,6124,9611,17756,107,42657
2018-05-25 13:54:30,https://cpanel.com/,8871,238,3271,2165,7411,8,21964
2018-05-25 13:55:16,http://www.typepad.com/,5001,122,1100,1059,3696,0,10978
2018-05-25 13:55:18,https://www.wikimedia.org/,11040,7,3254,255,3904,1,18461
