2018-05-28 00:25:41,https://www.facebook.com/,2252,187,321,1182,1264,33,5239
2018-05-28 00:25:45,https://twitter.com/,249,155,215,735,1362,1,2717
2018-05-28 00:25:47,https://www.google.com/,479,104,283,733,1927,70,3596
2018-05-28 00:25:51,https://www.youtube.com/,332,66,676,1967,341,21,3403
2018-05-28 00:26:03,https://www.linkedin.com/,423,261,299,6161,1059,282,8485
2018-05-28 00:26:05,https://wordpress.org/,837,23,415,1856,2942,0,6073
2018-05-28 00:26:11,https://www.instagram.com/,1246,188,1247,5636,421,2,8740
2018-05-28 00:26:19,https://www.blogger.com/,2066,32,372,3835,1008,0,7313
2018-05-28 00:26:21,https://www.wikipedia.org/,2229,43,1263,456,7656,0,11647
2018-05-28 00:26:23,https://www.pinterest.com/,2044,233,104,1540,16318,196,20435
2018-05-28 00:26:25,https://wordpress.com/,1493,47,617,8297,3622,95,14171
2018-05-28 00:26:32,https://www.adobe.com/,1124,59,403,11656,2153,196,15591
2018-05-28 00:26:43,https://www.apple.com/,1848,43,703,7483,901,37,11015
2018-05-28 00:26:44,https://www.youtube.com/,955,113,1223,9115,254,2,11662
2018-05-28 00:26:45,https://www.tumblr.com/,3107,112,607,10389,460,27,14702
2018-05-28 00:27:27,https://www.godaddy.com/,793,328,404,4236,1392,48,7201
2018-05-28 00:27:34,https://vk.com/,974,310,867,5407,2816,3,10377
2018-05-28 00:27:41,https://www.buydomains.com/,1297,308,790,2494,21803,136,26828
2018-05-28 00:27:41,https://www.w3.org/,2152,228,2217,1255,3244,1,9097
2018-05-28 00:27:42,http://t.co/,651,330,762,16,1050,2,2811
2018-05-28 00:27:44,http://baidu.com/,108,261,1607,80,70,1,2127
2018-05-28 00:27:52,https://www.baidu.com/,988,245,341,4178,905,10,6667
2018-05-28 00:27:53,http://www.qq.com/,1277,27,182,15327,23559,1,40373
2018-05-28 00:27:58,http://europa.eu/,117,0,2178,1466,4060,3,7824
2018-05-28 00:28:07,https://www.gov.uk/,3084,184,859,5534,2447,1,12109
2018-05-28 00:28:31,http://statcounter.com/,233,317,4774,7899,8180,1,21404
2018-05-28 00:28:44,https://www.reddit.com/,1948,630,3644,3580,64915,129,74846
2018-05-28 00:28:49,https://www.yahoo.com/,4425,73,2052,9440,77049,343,93382
2018-05-28 00:28:53,https://www.google.de/,5546,158,4791,1908,9206,155,21764
2018-05-28 00:28:54,https://github.com/,3751,95,3869,8792,7243,1,23751
2018-05-28 00:28:54,https://www.weebly.com/,7598,355,11908,8048,12349,2,40260
2018-05-28 00:28:54,https://www.blogger.com/,18048,34,7897,4038,1552,0,31569
2018-05-28 00:29:04,https://www.mozilla.org/,4399,492,6156,1314,1146,5,13512
2018-05-28 00:29:32,https://wordpress.com/,12897,741,21842,629,7989,304,44402
2018-05-28 00:29:41,http://en.gravatar.com/,8729,92,5232,3447,5141,1,22642
2018-05-28 00:29:43,https://www.bluehost.com/,16180,10160,11797,3262,4828,6,46233
2018-05-28 00:29:46,https://www.google.co.jp/,19039,369,6564,1575,7658,17,35222
2018-05-28 00:29:46,http://ascii.co.uk/,542,135,10013,6332,11257,769,29048
2018-05-28 00:29:47,https://www.addthis.com/,7886,2618,16136,1827,15813,1896,46176
2018-05-28 00:30:01,https://www.wix.com/,15892,303,6581,7325,12131,18,42250
2018-05-28 00:30:03,https://www.paypal.com/,12424,505,2103,4879,10752,679,31342
2018-05-28 00:30:07,https://www.nih.gov/,15208,42,5549,12237,8676,5,41717
2018-05-28 00:30:08,https://outlook.live.com/,4932,118,5806,15897,8214,0,34967
2018-05-28 00:30:10,https://www.elegantthemes.com/,10184,727,1120,4286,14805,1,31123
2018-05-28 00:30:58,https://www.123-reg.co.uk/,10656,137,17131,1014,14857,1490,45285
2018-05-28 00:31:16,https://issuu.com/,6814,104,24052,18711,1554,5,51240
2018-05-28 00:32:22,https://weibo.com/,1424,714,327,1878,15737,3,20083
2018-05-28 00:32:28,https://www.wikimedia.org/,1104,2,555,310,1077,0,3048
2018-05-28 00:32:35,http://www.typepad.com/,1486,153,147,2506,1747,42,6081
2018-05-28 00:33:03,https://www.bloomberg.com/,1089,139,600,3344,50894,367,56433
2018-05-28 00:33:21,https://www.aol.com/,940,223,522,11322,39048,1071,53126
