2018-05-25 15:42:15,https://www.facebook.com/,2626,587,91,769,1472,38,5583
2018-05-25 15:42:24,https://twitter.com/,281,101,196,1081,955,0,2614
2018-05-25 15:42:25,https://www.google.com/,490,100,307,630,969,49,2545
2018-05-25 15:42:35,https://www.youtube.com/,359,58,1505,686,2686,3,5297
2018-05-25 15:42:44,https://www.linkedin.com/,311,280,108,1553,308,87,2647
2018-05-25 15:42:51,https://wordpress.org/,370,25,347,930,1946,0,3618
2018-05-25 15:42:57,https://www.instagram.com/,1033,200,370,2830,686,3,5122
2018-05-25 15:43:04,https://www.pinterest.com/,1474,211,55,903,7401,244,10288
2018-05-25 15:43:14,https://www.blogger.com/,1393,32,300,1741,387,0,3853
2018-05-25 15:43:14,https://www.wikipedia.org/,990,36,297,889,4192,0,6404
2018-05-25 15:43:17,https://wordpress.com/,520,46,827,3518,2539,423,7873
2018-05-25 15:43:36,https://www.adobe.com/,5273,124,286,5853,4981,263,16780
2018-05-25 15:43:51,https://www.apple.com/,520,46,762,5104,763,35,7230
2018-05-25 15:43:54,https://www.tumblr.com/,701,146,404,7465,1232,10,9958
2018-05-25 15:43:59,https://www.youtube.com/,845,97,1089,2314,3558,11,7914
2018-05-25 15:44:12,https://www.amazon.com/,754,224,564,4014,2540,70,8166
2018-05-25 15:44:18,https://goo.gl/,1051,88,534,1414,1789,6,4882
2018-05-25 15:44:33,https://www.microsoft.com/,4272,149,257,2589,1029,22,8318
2018-05-25 15:44:40,https://vimeo.com/,6447,106,204,3739,6468,10,16974
2018-05-25 15:44:55,https://www.flickr.com/,987,1621,198,327,5382,11,8526
2018-05-25 15:45:17,https://www.yahoo.com/,885,99,815,5703,10613,105,18220
2018-05-25 15:45:27,https://www.buydomains.com/,2240,1262,1928,3176,10410,122,19138
2018-05-25 15:45:30,https://www.godaddy.com/,2522,257,1437,1168,2647,46,8077
2018-05-25 15:45:31,http://www.qq.com/,1570,41,518,9873,8918,3,20923
2018-05-25 15:45:33,https://vk.com/,1057,279,1112,4503,1675,139,8765
2018-05-25 15:45:47,https://www.w3.org/,4162,199,489,670,1712,2,7234
2018-05-25 15:45:52,https://www.reddit.com/,1622,947,5111,1106,12158,10,20954
2018-05-25 15:45:55,http://t.co/,86,47,1281,53,90,0,1557
2018-05-25 15:46:03,http://baidu.com/,14,1,1085,27,70,1,1198
2018-05-25 15:46:06,https://www.baidu.com/,1106,252,162,2192,272,29,4013
2018-05-25 15:46:13,https://www.nytimes.com/,2122,25,523,11566,12871,14,27121
2018-05-25 15:46:19,http://europa.eu/,38,1,992,1579,2047,3,4660
2018-05-25 15:46:23,https://www.gov.uk/,1079,38,259,959,793,1,3129
2018-05-25 15:46:52,http://statcounter.com/,63,534,1393,2901,3481,3,8375
2018-05-25 15:46:53,https://www.weebly.com/,1409,155,303,3347,7641,2,12857
2018-05-25 15:46:57,https://www.blogger.com/,3300,54,457,1508,360,0,5679
2018-05-25 15:47:06,https://soundcloud.com/,2944,142,749,3589,9522,1,16947
2018-05-25 15:47:15,http://www.bbc.com/,567,89,297,10629,7116,91,18789
2018-05-25 15:47:20,https://www.mozilla.org/,691,126,514,1057,2500,1,4889
2018-05-25 15:47:21,https://github.com/,1197,96,1148,6710,2755,2,11908
2018-05-25 15:47:26,https://www.google.de/,4368,95,1799,598,3013,69,9942
2018-05-25 15:47:47,https://www.jimdo.com/,2657,118,512,1178,6145,1,10611
2018-05-25 15:47:52,https://yandex.ru/,2836,312,2393,6219,4280,39,16079
2018-05-25 15:48:02,https://wordpress.com/,2377,46,499,396,3544,414,7276
2018-05-25 15:48:03,https://www.bluehost.com/,1442,263,399,3461,1285,5,6855
2018-05-25 15:48:19,https://www.addthis.com/,2140,83,796,3034,1068,4,7125
2018-05-25 15:48:44,https://www.theguardian.com/,1806,34,143,4258,30450,49,36740
2018-05-25 15:48:47,http://en.gravatar.com/,1674,60,754,2652,784,1,5925
2018-05-25 15:48:50,https://www.google.co.jp/,7166,100,5879,1333,4514,145,19137
2018-05-25 15:48:55,https://www.nih.gov/,5786,46,1387,4303,3023,68,14613
2018-05-25 15:49:01,http://ascii.co.uk/,192,334,2405,1781,14311,24,19047
2018-05-25 15:49:01,https://www.wix.com/,7852,90,1284,4775,12389,7,26397
2018-05-25 15:49:07,https://www.paypal.com/,4625,236,1144,845,2195,24,9069
2018-05-25 15:49:07,https://outlook.live.com/,1716,99,515,4170,761,0,7261
2018-05-25 15:49:29,https://www.elegantthemes.com/,2063,54,756,974,1166,8,5021
2018-05-25 15:49:45,https://www.cnn.com/,5511,25,518,8343,34422,332,49151
2018-05-25 15:50:08,https://www.123-reg.co.uk/,1254,448,379,565,3629,506,6781
2018-05-25 15:50:13,https://www.tripadvisor.com/,1996,1083,277,459,3129,31,6975
2018-05-25 15:50:40,https://issuu.com/,2435,1071,538,4016,8051,36,16147
2018-05-25 15:50:42,https://www.huffingtonpost.com/,1256,255,602,4000,17011,51,23175
2018-05-25 15:50:43,http://www.stumbleupon.com/,3622,80,375,1631,4550,251,10509
2018-05-25 15:50:51,https://www.stumbleupon.com/,19,88,444,1132,3240,122,5045
2018-05-25 15:51:24,http://digg.com/,133,398,1821,6556,21197,471,30576
2018-05-25 15:51:27,https://creativecommons.org/,4156,1,2217,6994,13544,1,26913
2018-05-25 15:51:43,https://www.google.co.uk/,8612,146,1089,886,10550,84,21367
2018-05-25 15:51:50,https://www.dropbox.com/,6702,375,2307,629,12197,66,22276
2018-05-25 15:51:51,https://www.parallels.com/,12676,206,1967,3000,17009,4,34862
2018-05-25 15:51:51,https://aws.amazon.com/,3520,74,2633,10232,9555,44,26058
2018-05-25 15:51:57,https://www.imdb.com/,4610,261,6901,11630,24644,45,48091
2018-05-25 15:52:01,https://www.yelp.com/,6182,527,1105,8429,28089,4,44336
2018-05-25 15:52:02,https://www.addtoany.com/,17179,29,1053,213,3283,1,21758
2018-05-25 15:52:13,https://www.opera.com/,4746,440,2728,992,426,1224,10556
2018-05-25 15:52:29,http://go.com/,182,48,5919,6699,22046,1,34895
2018-05-25 15:52:48,https://www.msn.com/,13778,184,1369,12331,30277,25,57964
2018-05-25 15:52:53,https://www.etsy.com/,4636,277,3217,14385,2503,1,25019
2018-05-25 15:53:07,https://archive.org/,4869,1567,4702,2018,1624,19,14799
2018-05-25 15:53:28,https://www.eventbrite.com/,13253,573,3186,5583,19010,123,41728
2018-05-25 15:53:43,http://www.free.fr/,3127,153,3195,3383,514,0,10372
2018-05-25 15:53:46,https://www.ebay.com/,5886,195,5817,4674,712,146,17430
2018-05-25 15:53:47,https://ameblo.jp/,8959,221,6120,5070,2603,1,22974
2018-05-25 15:53:59,https://www.amazon.co.uk/,10673,197,3089,12305,13344,33,39641
2018-05-25 15:54:00,https://www.bing.com/,20357,67,3397,3159,106,2,27088
2018-05-25 15:54:01,https://fc2.com/,4951,110,12686,801,18913,1,37462
2018-05-25 15:54:02,https://sourceforge.net/,8540,510,8600,5062,30935,68,53715
2018-05-25 15:54:44,https://www.livejournal.com/,6427,313,3540,4376,38019,102,52777
2018-05-25 15:54:58,https://www.reuters.com/,7865,245,2046,18500,35179,203,64038
2018-05-25 15:55:20,http://www.typepad.com/,3463,113,688,860,3295,0,8419
