2018-05-26 00:51:43,https://www.facebook.com/,2440,185,446,1196,1588,131,5986
2018-05-26 00:51:47,https://twitter.com/,259,167,408,1167,915,1,2917
2018-05-26 00:51:47,https://www.google.com/,273,97,261,697,1726,57,3111
2018-05-26 00:51:55,https://www.youtube.com/,305,84,685,1498,3633,34,6239
2018-05-26 00:52:06,https://www.linkedin.com/,378,316,287,896,7654,363,9894
2018-05-26 00:52:09,https://wordpress.org/,827,33,524,1734,3793,0,6911
2018-05-26 00:52:16,https://www.instagram.com/,2115,190,677,7552,558,2,11094
2018-05-26 00:52:24,https://www.blogger.com/,3670,31,525,4301,834,4,9365
2018-05-26 00:52:28,https://www.wikipedia.org/,3636,35,1051,1237,9382,0,15341
2018-05-26 00:52:29,https://www.pinterest.com/,2483,337,427,2637,17832,340,24056
2018-05-26 00:52:34,https://wordpress.com/,2016,46,1660,671,14194,57,18644
2018-05-26 00:52:35,https://www.adobe.com/,1171,141,681,12577,2071,190,16831
2018-05-26 00:52:48,https://www.apple.com/,2430,38,1640,9296,718,70,14192
2018-05-26 00:52:49,https://www.tumblr.com/,2561,162,656,10562,1072,108,15121
2018-05-26 00:52:55,https://goo.gl/,2309,210,2052,1498,2998,1,9068
2018-05-26 00:52:57,https://www.youtube.com/,1064,65,1930,9092,10712,2,22865
2018-05-26 00:52:58,https://www.amazon.com/,2386,110,706,4948,8325,129,16604
2018-05-26 00:53:01,https://www.microsoft.com/,2655,222,508,3655,1862,14,8916
2018-05-26 00:53:15,https://vimeo.com/,1887,123,1920,5921,12962,9,22822
2018-05-26 00:53:18,https://www.flickr.com/,2460,161,761,360,6432,21,10195
2018-05-26 00:53:37,https://www.godaddy.com/,5054,238,7246,736,1062,39,14375
2018-05-26 00:53:46,http://t.co/,571,130,3081,26,991,0,4799
2018-05-26 00:53:46,https://www.buydomains.com/,5028,329,805,2409,21713,24,30308
2018-05-26 00:53:47,https://www.w3.org/,4254,296,4376,1750,2274,0,12950
2018-05-26 00:53:48,http://baidu.com/,192,501,3489,5,178,0,4365
2018-05-26 00:53:48,https://vk.com/,4056,173,5488,5868,6337,106,22028
2018-05-26 00:54:02,http://europa.eu/,59,155,3762,1799,2401,3,8179
2018-05-26 00:54:05,https://www.reddit.com/,5829,741,3234,640,22012,56,32512
2018-05-26 00:54:07,https://www.baidu.com/,2103,257,3452,8423,3037,8,17280
2018-05-26 00:54:09,https://www.gov.uk/,2957,289,1864,2982,2428,1,10521
2018-05-26 00:54:23,http://statcounter.com/,54,351,4161,3138,6444,1,14149
2018-05-26 00:54:31,https://www.weebly.com/,7964,198,5770,3521,5929,2,23384
2018-05-26 00:54:38,https://github.com/,2419,95,4140,7000,4419,2,18075
2018-05-26 00:54:38,https://www.blogger.com/,12757,32,4475,3253,3863,0,24380
2018-05-26 00:54:39,https://www.mozilla.org/,1919,329,2540,758,681,21,6248
2018-05-26 00:54:42,https://www.google.de/,4021,88,6256,1833,7305,14,19517
2018-05-26 00:54:44,https://soundcloud.com/,3004,200,5697,4209,19011,1,32122
2018-05-26 00:55:24,https://www.bluehost.com/,9024,279,3039,16325,7552,7,36226
2018-05-26 00:55:26,http://en.gravatar.com/,5892,59,3547,2344,2682,1,14525
2018-05-26 00:55:29,https://www.addthis.com/,2761,552,9435,5883,14245,914,33790
2018-05-26 00:55:30,https://www.google.co.jp/,12939,90,3112,1154,6375,64,23734
2018-05-26 00:55:31,https://www.paypal.com/,6761,337,1175,2591,1574,120,12558
2018-05-26 00:55:35,https://www.nih.gov/,10204,41,3143,10745,1494,39,25666
2018-05-26 00:55:37,http://ascii.co.uk/,3817,247,3566,3780,15589,119,27118
2018-05-26 00:55:38,https://www.wix.com/,11100,166,3260,6331,8703,2,29562
2018-05-26 00:55:38,https://outlook.live.com/,2475,206,1954,12506,1561,0,18702
2018-05-26 00:55:42,https://www.elegantthemes.com/,4955,62,778,1091,3695,10,10591
2018-05-26 00:56:09,https://www.123-reg.co.uk/,3776,301,999,1040,8859,767,15742
2018-05-26 00:56:14,https://www.tripadvisor.com/,2273,319,1337,1065,15478,24,20496
2018-05-26 00:56:15,http://www.stumbleupon.com/,1598,79,713,2414,940,2,5746
2018-05-26 00:56:15,https://issuu.com/,3644,107,650,1965,2009,5,8380
2018-05-26 00:57:29,https://www.google.co.uk/,19526,93,11159,926,14560,15,46279
2018-05-26 00:57:36,https://aws.amazon.com/,17854,80,8258,4936,10845,6,41979
2018-05-26 00:58:11,https://cpanel.com/,4242,58,642,3117,1120,4,9183
2018-05-26 00:58:23,https://weibo.com/,2053,708,450,1572,12992,2,17777
2018-05-26 00:58:30,https://www.wikimedia.org/,989,5,609,253,1450,0,3306
2018-05-26 00:58:37,http://www.typepad.com/,972,159,348,1693,2683,156,6011
2018-05-26 00:58:55,https://www.bloomberg.com/,952,50,270,3884,39348,384,44888
2018-05-26 00:59:15,https://www.aol.com/,706,738,1648,9489,31122,983,44686
