"2018-05-28 23:47:39";"https://www.facebook.com/";"2904";"214";"1421";"4199";"2232";"117";"11087"
"2018-05-28 23:47:43";"https://twitter.com/";"221";"114";"203";"1192";"882";"0";"2612"
"2018-05-28 23:47:45";"https://www.google.com/";"409";"206";"265";"1160";"1259";"18";"3317"
"2018-05-28 23:47:54";"https://www.youtube.com/";"391";"157";"692";"2776";"803";"19";"4838"
"2018-05-28 23:48:05";"https://www.linkedin.com/";"210";"2422";"99";"1618";"282";"86";"4717"
"2018-05-28 23:48:12";"https://wordpress.org/";"363";"61";"200";"1074";"3328";"1";"5027"
"2018-05-28 23:48:15";"https://www.instagram.com/";"909";"321";"266";"2343";"544";"9";"4392"
"2018-05-28 23:48:21";"https://www.pinterest.com/";"1181";"290";"182";"1225";"4723";"132";"7733"
"2018-05-28 23:48:32";"https://www.wikipedia.org/";"713";"34";"322";"6737";"288";"1";"8095"
"2018-05-28 23:48:33";"https://www.blogger.com/";"1195";"34";"316";"2346";"473";"0";"4364"
"2018-05-28 23:48:36";"https://wordpress.com/";"896";"95";"529";"3496";"2508";"384";"7908"
"2018-05-28 23:48:51";"https://www.adobe.com/";"431";"110";"335";"6452";"4128";"303";"11759"
"2018-05-28 23:49:12";"https://www.apple.com/";"714";"44";"532";"7173";"437";"6";"8906"
"2018-05-28 23:49:16";"https://www.tumblr.com/";"829";"582";"303";"9246";"1171";"35";"12166"
"2018-05-28 23:49:18";"https://www.youtube.com/";"1196";"109";"655";"4566";"712";"2";"7240"
"2018-05-28 23:49:34";"https://www.amazon.com/";"1301";"230";"396";"3684";"5259";"77";"10947"
"2018-05-28 23:49:37";"https://goo.gl/";"1407";"62";"332";"1494";"1678";"1";"4974"
"2018-05-28 23:49:54";"https://vimeo.com/";"480";"106";"337";"2922";"8263";"14";"12122"
"2018-05-28 23:49:54";"https://www.microsoft.com/";"1507";"170";"313";"2369";"2946";"92";"7397"
"2018-05-28 23:50:18";"https://www.flickr.com/";"1019";"2418";"357";"306";"6863";"22";"10985"
"2018-05-28 23:50:37";"https://www.yahoo.com/";"917";"76";"953";"4289";"13202";"83";"19520"
"2018-05-28 23:50:47";"https://www.buydomains.com/";"3408";"289";"1125";"1780";"11823";"184";"18609"
"2018-05-28 23:50:50";"https://www.godaddy.com/";"1789";"321";"1633";"1210";"2756";"65";"7774"
"2018-05-28 23:50:51";"http://www.qq.com/";"1643";"32";"342";"7910";"11269";"2";"21198"
"2018-05-28 23:50:53";"https://vk.com/";"1145";"212";"798";"3872";"2973";"117";"9117"
"2018-05-28 23:51:10";"https://www.w3.org/";"4092";"204";"2510";"491";"3131";"0";"10428"
"2018-05-28 23:51:16";"http://t.co/";"112";"48";"2007";"114";"360";"0";"2641"
"2018-05-28 23:51:18";"https://www.reddit.com/";"1867";"804";"4484";"2372";"17252";"9";"26788"
"2018-05-28 23:51:23";"http://baidu.com/";"27";"11";"1557";"74";"144";"0";"1813"
"2018-05-28 23:51:25";"https://www.baidu.com/";"916";"329";"170";"949";"353";"16";"2733"
"2018-05-28 23:51:33";"https://www.nytimes.com/";"2216";"29";"579";"15169";"12184";"17";"30194"
"2018-05-28 23:51:36";"http://europa.eu/";"30";"15";"959";"380";"1389";"3";"2776"
"2018-05-28 23:51:42";"https://www.gov.uk/";"882";"22";"216";"775";"1459";"1";"3355"
"2018-05-28 23:52:12";"http://statcounter.com/";"3092";"1200";"87";"2039";"2813";"0";"9231"
"2018-05-28 23:52:16";"https://www.blogger.com/";"3788";"42";"915";"2261";"1002";"0";"8008"
"2018-05-28 23:52:25";"https://www.weebly.com/";"8258";"198";"3005";"5984";"8585";"2";"26032"
"2018-05-28 23:52:28";"https://soundcloud.com/";"1150";"414";"1974";"2843";"13654";"2";"20037"
"2018-05-28 23:52:34";"http://www.bbc.com/";"257";"40";"771";"10808";"6692";"85";"18653"
"2018-05-28 23:52:37";"https://www.mozilla.org/";"598";"89";"245";"968";"2267";"3";"4170"
"2018-05-28 23:52:39";"https://github.com/";"1365";"108";"1179";"5930";"2604";"56";"11242"
"2018-05-28 23:52:43";"https://www.google.de/";"3898";"125";"728";"536";"2541";"94";"7922"
"2018-05-28 23:53:06";"https://www.jimdo.com/";"1494";"223";"526";"814";"6985";"7";"10049"
"2018-05-28 23:53:08";"https://yandex.ru/";"2352";"332";"1725";"5829";"4462";"42";"14742"
"2018-05-28 23:53:10";"https://myspace.com/";"1588";"488";"747";"11007";"16018";"63";"29911"
"2018-05-28 23:53:21";"https://wordpress.com/";"2450";"45";"1423";"426";"3847";"276";"8467"
"2018-05-28 23:53:22";"https://www.bluehost.com/";"1540";"360";"809";"3361";"1523";"12";"7605"
"2018-05-28 23:53:34";"https://www.addthis.com/";"997";"55";"398";"2301";"685";"2";"4438"
"2018-05-28 23:54:03";"https://www.google.co.jp/";"3612";"99";"5257";"651";"3563";"125";"13307"
"2018-05-28 23:54:05";"https://www.theguardian.com/";"3485";"60";"665";"6020";"27811";"31";"38072"
"2018-05-28 23:54:09";"http://en.gravatar.com/";"2413";"69";"1655";"3454";"1093";"1";"8685"
"2018-05-28 23:54:14";"https://www.wix.com/";"2054";"179";"4900";"3533";"7748";"223";"18637"
"2018-05-28 23:54:14";"http://ascii.co.uk/";"479";"322";"2785";"1469";"8554";"25";"13634"
"2018-05-28 23:54:14";"https://www.nih.gov/";"4926";"280";"3807";"5311";"2997";"64";"17385"
"2018-05-28 23:54:25";"https://outlook.live.com/";"1375";"124";"598";"3245";"1298";"0";"6640"
"2018-05-28 23:54:25";"https://www.paypal.com/";"4947";"247";"804";"804";"2175";"92";"9069"
"2018-05-28 23:54:51";"https://www.elegantthemes.com/";"1871";"67";"664";"1350";"2278";"15";"6245"
"2018-05-28 23:54:51";"https://www.cnn.com/";"3529";"91";"1634";"8157";"23304";"302";"37017"
"2018-05-28 23:55:30";"https://www.123-reg.co.uk/";"1000";"16";"527";"661";"6746";"802";"9752"
"2018-05-28 23:55:33";"https://www.tripadvisor.com/";"1984";"1286";"534";"440";"3698";"28";"7970"
"2018-05-28 23:55:55";"https://issuu.com/";"2609";"75";"741";"1235";"6965";"3";"11628"
"2018-05-28 23:55:59";"http://www.stumbleupon.com/";"3567";"114";"614";"1135";"583";"1";"6014"
"2018-05-28 23:56:00";"https://www.huffingtonpost.com/";"1332";"26";"742";"3326";"15528";"37";"20991"
"2018-05-28 23:56:06";"https://www.stumbleupon.com/";"9";"80";"430";"885";"2747";"124";"4275"
"2018-05-28 23:56:35";"http://digg.com/";"131";"223";"1572";"5496";"11421";"163";"19006"
"2018-05-28 23:56:41";"https://creativecommons.org/";"2330";"63";"755";"4605";"15101";"3";"22857"
"2018-05-28 23:56:45";"https://www.google.co.uk/";"6644";"91";"1038";"535";"3236";"72";"11616"
"2018-05-28 23:56:51";"https://www.parallels.com/";"9050";"216";"1992";"1081";"8557";"2";"20898"
"2018-05-28 23:57:05";"https://www.dropbox.com/";"5490";"237";"1184";"318";"14341";"42";"21612"
"2018-05-28 23:57:06";"https://aws.amazon.com/";"2881";"41";"1214";"19022";"2177";"22";"25357"
"2018-05-28 23:57:17";"https://www.yelp.com/";"5781";"476";"2017";"9561";"25281";"6";"43122"
"2018-05-28 23:57:20";"https://www.imdb.com/";"6003";"531";"6801";"10064";"29297";"17";"52713"
"2018-05-28 23:57:22";"https://www.addtoany.com/";"12357";"49";"6432";"619";"5005";"1";"24463"
"2018-05-28 23:57:25";"https://www.opera.com/";"6555";"227";"2266";"945";"2464";"516";"12973"
"2018-05-28 23:57:34";"https://www.msn.com/";"10270";"159";"5919";"9714";"785";"72";"26919"
"2018-05-28 23:57:42";"https://www.forbes.com/";"16391";"75";"6422";"3961";"20879";"27";"47755"
"2018-05-28 23:57:57";"https://www.etsy.com/";"2154";"242";"1268";"9574";"3405";"1";"16644"
"2018-05-28 23:58:09";"https://www.washingtonpost.com/";"5685";"36";"2815";"11005";"13954";"623";"34118"
"2018-05-28 23:58:16";"https://archive.org/";"3453";"266";"594";"1559";"3814";"26";"9712"
"2018-05-28 23:58:20";"https://www.eventbrite.com/";"6458";"393";"551";"6989";"6509";"252";"21152"
"2018-05-28 23:58:23";"https://cpanel.com/";"6827";"59";"450";"498";"1664";"4";"9502"
"2018-05-28 23:58:30";"https://www.xing.com/";"2205";"531";"549";"2376";"4543";"8";"10212"
"2018-05-28 23:58:54";"https://www.ebay.com/";"4102";"194";"2035";"4208";"1025";"24";"11588"
"2018-05-28 23:59:15";"https://fc2.com/";"2728";"467";"1373";"1798";"17307";"133";"23806"
"2018-05-28 23:59:16";"http://www.free.fr/";"9340";"437";"7941";"2573";"565";"0";"20856"
"2018-05-28 23:59:21";"https://sourceforge.net/";"2697";"269";"8810";"9892";"32073";"77";"53818"
"2018-05-28 23:59:21";"https://www.amazon.co.uk/";"9674";"277";"2614";"11694";"22891";"117";"47267"
"2018-05-28 23:59:23";"https://www.bing.com/";"22471";"72";"4021";"2622";"59";"9";"29254"
"2018-05-28 23:59:24";"https://cpanel.com/";"11929";"9";"3607";"1918";"342";"19";"17824"
"2018-05-28 23:59:29";"https://ameblo.jp/";"5167";"665";"4511";"6841";"40153";"0";"57337"
"2018-05-29 00:00:06";"https://www.telegraph.co.uk/";"8876";"82";"4338";"10179";"73288";"1164";"97927"
"2018-05-29 00:00:37";"https://www.bloomberg.com/";"3313";"130";"1169";"2238";"37188";"84";"44122"
"2018-05-29 00:00:40";"https://www.wikimedia.org/";"10753";"350";"2617";"126";"2977";"0";"16823"
"2018-05-29 00:00:41";"https://weibo.com/";"9830";"983";"2486";"4245";"35586";"10";"53140"
"2018-05-29 00:00:41";"http://www.typepad.com/";"4768";"290";"1573";"2167";"2279";"1";"11078"
"2018-05-29 00:01:21";"https://www.aol.com/";"6705";"213";"3542";"11239";"31449";"624";"53772"
