2018-06-06 19:22:51,https://www.facebook.com/,2365,198,333,750,1958,40,5644
2018-06-06 19:23:00,https://twitter.com/,225,146,267,968,1073,0,2679
2018-06-06 19:23:02,https://www.google.com/,529,89,210,714,1108,40,2690
2018-06-06 19:23:11,https://www.youtube.com/,289,101,569,1554,2690,12,5215
2018-06-06 19:23:21,https://www.linkedin.com/,333,254,171,1745,369,117,2989
2018-06-06 19:23:27,https://wordpress.org/,268,72,292,728,1674,0,3034
2018-06-06 19:23:32,https://www.instagram.com/,515,193,169,2673,455,9,4014
2018-06-06 19:23:36,https://www.pinterest.com/,921,161,55,682,4197,127,6143
2018-06-06 19:23:46,https://www.wikipedia.org/,574,37,352,3262,416,1,4642
2018-06-06 19:23:49,https://www.blogger.com/,1276,37,291,1487,379,1,3471
2018-06-06 19:23:57,https://wordpress.com/,726,49,775,2797,6572,506,11425
2018-06-06 19:24:05,https://www.adobe.com/,354,0,350,5618,3810,301,10433
2018-06-06 19:24:29,https://www.apple.com/,476,30,736,6327,313,7,7889
2018-06-06 19:24:32,https://www.tumblr.com/,653,100,301,8365,1130,31,10580
2018-06-06 19:24:37,https://www.youtube.com/,899,79,578,3972,2904,44,8476
2018-06-06 19:24:49,https://www.amazon.com/,706,170,514,4309,2078,83,7860
2018-06-06 19:24:55,https://goo.gl/,1122,80,673,1530,1772,1,5178
2018-06-06 19:25:08,https://vimeo.com/,482,108,338,2355,5862,32,9177
2018-06-06 19:25:08,https://www.microsoft.com/,1399,170,358,2531,531,31,5020
2018-06-06 19:25:34,https://www.flickr.com/,941,70,422,387,8360,27,10207
2018-06-06 19:25:52,https://www.yahoo.com/,678,83,744,2994,11915,206,16620
2018-06-06 19:25:56,https://www.buydomains.com/,1895,264,504,2342,7412,170,12587
2018-06-06 19:26:02,https://www.godaddy.com/,1699,223,582,642,517,26,3689
2018-06-06 19:26:11,http://www.qq.com/,1782,23,314,6567,12606,2,21294
2018-06-06 19:26:12,https://vk.com/,1491,175,863,5063,3644,143,11379
2018-06-06 19:26:24,https://www.w3.org/,3844,0,956,694,2056,2,7552
2018-06-06 19:26:35,http://t.co/,117,87,2220,111,303,0,2838
2018-06-06 19:26:40,https://www.reddit.com/,4047,1063,526,965,24943,44,31588
2018-06-06 19:26:40,http://baidu.com/,32,0,1700,55,80,0,1867
2018-06-06 19:26:43,http://www.baidu.com/,823,249,464,1112,373,6,3027
2018-06-06 19:26:56,http://europa.eu/,11,0,1397,1317,2020,4,4749
2018-06-06 19:27:06,https://www.nytimes.com/,2940,33,617,16498,24023,52,44163
2018-06-06 19:27:06,https://www.gov.uk/,1731,1,520,1389,4713,1,8355
2018-06-06 19:27:29,http://statcounter.com/,87,299,1724,2777,3668,25,8580
2018-06-06 19:27:30,https://www.weebly.com/,1295,141,307,3619,7716,2,13080
2018-06-06 19:27:33,https://www.blogger.com/,3159,56,469,1411,512,0,5607
2018-06-06 19:27:42,https://soundcloud.com/,3162,209,826,2960,9384,1,16542
2018-06-06 19:27:53,http://www.bbc.com/,862,25,133,10605,7120,102,18847
2018-06-06 19:27:56,https://www.mozilla.org/,5468,1,2863,696,1985,6,11019
2018-06-06 19:27:59,https://github.com/,2787,102,837,4732,3262,2,11722
2018-06-06 19:28:01,https://www.google.de/,5756,107,2357,722,3027,9,11978
2018-06-06 19:28:22,https://yandex.ru/,2489,290,2225,5795,827,4,11630
2018-06-06 19:28:25,https://www.jimdo.com/,2076,277,998,2860,6129,1,12341
2018-06-06 19:28:39,https://myspace.com/,1850,146,656,10099,28236,338,41325
2018-06-06 19:28:42,https://wordpress.com/,3627,56,2799,624,5355,401,12862
2018-06-06 19:28:44,https://www.bluehost.com/,2564,377,814,5212,1589,3,10559
2018-06-06 19:28:57,https://www.addthis.com/,1342,92,423,3533,4525,421,10336
2018-06-06 19:29:24,https://www.theguardian.com/,3977,28,462,8035,26551,21,39074
2018-06-06 19:29:25,https://www.google.co.jp/,8270,95,5449,1109,4380,136,19439
2018-06-06 19:29:27,http://en.gravatar.com/,1358,63,1242,3769,1426,0,7858
2018-06-06 19:29:32,https://www.nih.gov/,4599,0,1105,6166,2252,44,14166
2018-06-06 19:29:32,http://ascii.co.uk/,264,106,2141,1664,8394,31,12600
2018-06-06 19:29:38,https://www.wix.com/,5846,91,2951,6303,10983,180,26354
2018-06-06 19:29:44,https://outlook.live.com/,1654,81,698,3832,897,0,7162
2018-06-06 19:29:45,https://www.paypal.com/,3689,524,1088,1073,3186,37,9597
2018-06-06 19:30:07,https://www.elegantthemes.com/,2696,52,468,1333,1600,7,6156
2018-06-06 19:30:28,https://www.cnn.com/,4739,41,958,9833,39483,514,55568
2018-06-06 19:30:45,https://www.123-reg.co.uk/,1257,1,492,2364,3422,469,8005
2018-06-06 19:30:50,https://www.tripadvisor.com/,2060,301,453,665,3682,19,7180
2018-06-06 19:31:13,https://issuu.com/,2398,96,1375,1629,7051,4,12553
2018-06-06 19:31:16,https://www.huffingtonpost.com/,1243,25,765,3951,14258,85,20327
2018-06-06 19:31:18,http://www.stumbleupon.com/,4030,82,630,890,3318,215,9165
2018-06-06 19:31:23,https://www.stumbleupon.com/,51,95,395,880,2215,275,3911
2018-06-06 19:31:59,http://digg.com/,114,176,1913,6745,16102,368,25418
2018-06-06 19:32:03,https://creativecommons.org/,2737,1,1129,5869,16927,2,26665
2018-06-06 19:32:22,https://www.google.co.uk/,6623,104,1814,802,8135,150,17628
2018-06-06 19:32:30,https://www.dropbox.com/,5421,309,1992,138,16112,67,24039
2018-06-06 19:32:35,https://aws.amazon.com/,3035,129,2141,9784,14167,15,29271
2018-06-06 19:32:36,https://www.parallels.com/,10028,224,1901,1373,26603,27,40156
2018-06-06 19:33:02,https://www.addtoany.com/,20770,31,2713,941,12605,1,37061
2018-06-06 19:33:08,https://www.e-recht24.de/,4872,742,10643,5372,1721,603,23953
2018-06-06 19:33:08,https://www.opera.com/,6611,504,1906,2010,16586,3,27620
2018-06-06 19:33:29,https://www.etsy.com/,6665,285,1828,9894,6019,9,24700
2018-06-06 19:33:42,https://archive.org/,3443,389,3199,2044,3239,98,12412
2018-06-06 19:33:43,https://cpanel.com/,3416,56,2027,4359,710,8,10576
2018-06-06 19:34:03,https://www.eventbrite.com/,6952,383,2760,7575,18220,269,36159
2018-06-06 19:34:36,https://www.xing.com/,6105,419,13312,7251,14178,1,41266
2018-06-06 19:34:37,http://www.free.fr/,4625,134,9135,4598,1006,0,19498
2018-06-06 19:34:37,https://www.ebay.com/,6120,118,13077,6795,679,92,26881
2018-06-06 19:34:38,https://ameblo.jp/,9673,338,12962,7653,2301,0,32927
2018-06-06 19:34:47,https://www.amazon.co.uk/,14660,346,7585,16936,12237,12,51776
2018-06-06 19:34:47,https://www.bing.com/,25681,130,3929,4030,109,2,33881
2018-06-06 19:34:57,https://cpanel.com/,20032,54,4174,3217,5180,4,32661
2018-06-06 19:35:55,https://www.wikimedia.org/,12809,15,1749,87,1188,0,15848
2018-06-06 19:35:59,http://www.typepad.com/,4614,179,1741,1806,3447,53,11840
2018-06-06 19:36:06,https://www.bloomberg.com/,5494,204,2332,2122,50010,462,60624
2018-06-06 19:36:14,https://weibo.com/,10105,1477,1895,4198,53786,24,71485
