"2018-05-28 00:02:08";"https://www.facebook.com/";"2213";"175";"317";"1347";"1159";"36";"5247"
"2018-05-28 00:02:17";"https://twitter.com/";"200";"139";"193";"1197";"876";"6";"2611"
"2018-05-28 00:02:19";"https://www.google.com/";"445";"97";"297";"722";"1077";"45";"2683"
"2018-05-28 00:02:26";"https://www.youtube.com/";"248";"69";"849";"1144";"360";"8";"2678"
"2018-05-28 00:02:39";"https://www.linkedin.com/";"162";"2394";"185";"996";"251";"72";"4060"
"2018-05-28 00:02:43";"https://wordpress.org/";"219";"27";"301";"586";"1234";"1";"2368"
"2018-05-28 00:02:48";"https://www.instagram.com/";"1707";"104";"316";"1115";"640";"5";"3887"
"2018-05-28 00:02:52";"https://www.pinterest.com/";"818";"1046";"52";"831";"4325";"175";"7247"
"2018-05-28 00:03:02";"https://www.wikipedia.org/";"466";"35";"416";"2694";"439";"1";"4051"
"2018-05-28 00:03:18";"https://www.blogger.com/";"13341";"90";"287";"1268";"483";"0";"15469"
"2018-05-28 00:03:20";"https://wordpress.com/";"675";"47";"717";"7387";"9382";"89";"18297"
"2018-05-28 00:03:27";"https://www.adobe.com/";"5247";"99";"288";"6578";"3703";"337";"16252"
"2018-05-28 00:03:45";"https://www.apple.com/";"633";"81";"380";"5373";"603";"40";"7110"
"2018-05-28 00:03:48";"https://www.tumblr.com/";"647";"191";"326";"7790";"1025";"29";"10008"
"2018-05-28 00:03:53";"https://www.youtube.com/";"792";"63";"1258";"5498";"830";"2";"8443"
"2018-05-28 00:04:05";"https://www.amazon.com/";"734";"113";"649";"1696";"4367";"36";"7595"
"2018-05-28 00:04:09";"https://goo.gl/";"659";"65";"486";"1214";"1418";"12";"3854"
"2018-05-28 00:04:26";"https://vimeo.com/";"476";"104";"432";"3437";"5594";"71";"10114"
"2018-05-28 00:04:27";"https://www.microsoft.com/";"1418";"156";"416";"3061";"1388";"27";"6466"
"2018-05-28 00:04:49";"https://www.flickr.com/";"919";"133";"339";"569";"6422";"11";"8393"
"2018-05-28 00:05:06";"https://www.yahoo.com/";"579";"63";"1109";"2256";"10478";"133";"14618"
"2018-05-28 00:05:13";"https://www.buydomains.com/";"1380";"271";"736";"2052";"8157";"144";"12740"
"2018-05-28 00:05:24";"https://www.godaddy.com/";"1938";"376";"1652";"1040";"1856";"53";"6915"
"2018-05-28 00:05:24";"http://www.qq.com/";"2309";"162";"396";"9514";"7698";"1";"20080"
"2018-05-28 00:05:28";"https://vk.com/";"1063";"170";"979";"4340";"2397";"121";"9070"
"2018-05-28 00:05:45";"https://www.w3.org/";"4242";"51";"3128";"721";"2973";"1";"11116"
"2018-05-28 00:05:52";"http://t.co/";"72";"47";"2627";"133";"372";"0";"3251"
"2018-05-28 00:05:57";"http://baidu.com/";"17";"1";"1949";"40";"100";"1";"2108"
"2018-05-28 00:06:00";"https://www.baidu.com/";"580";"251";"143";"1971";"442";"16";"3403"
"2018-05-28 00:06:04";"https://www.reddit.com/";"1556";"734";"5283";"1177";"29373";"38";"38161"
"2018-05-28 00:06:12";"http://europa.eu/";"19";"1";"1302";"357";"2230";"2";"3911"
"2018-05-28 00:06:18";"https://www.gov.uk/";"1133";"37";"345";"1128";"1127";"8";"3778"
"2018-05-28 00:06:19";"https://www.nytimes.com/";"2563";"30";"907";"14471";"23640";"22";"41633"
"2018-05-28 00:06:46";"http://statcounter.com/";"65";"577";"1309";"3120";"4081";"2";"9154"
"2018-05-28 00:06:46";"https://www.weebly.com/";"1083";"1009";"214";"3325";"7053";"1";"12685"
"2018-05-28 00:06:50";"https://www.blogger.com/";"3191";"33";"583";"1330";"602";"0";"5739"
"2018-05-28 00:07:01";"https://soundcloud.com/";"2413";"157";"1631";"3661";"10365";"1";"18228"
"2018-05-28 00:07:13";"https://www.mozilla.org/";"678";"87";"446";"1345";"3280";"1";"5837"
"2018-05-28 00:07:15";"https://github.com/";"1076";"90";"669";"7012";"3155";"9";"12011"
"2018-05-28 00:07:18";"http://www.bbc.com/";"254";"77";"360";"10100";"12987";"1113";"24891"
"2018-05-28 00:07:21";"https://www.google.de/";"4636";"103";"1964";"1011";"3601";"117";"11432"
"2018-05-28 00:07:45";"https://yandex.ru/";"2386";"321";"1890";"6395";"5266";"88";"16346"
"2018-05-28 00:07:45";"https://www.jimdo.com/";"1461";"131";"866";"2081";"9227";"1";"13767"
"2018-05-28 00:07:54";"https://wordpress.com/";"2630";"47";"1320";"494";"3113";"382";"7986"
"2018-05-28 00:07:56";"https://www.bluehost.com/";"1352";"1134";"399";"2654";"1576";"4";"7119"
"2018-05-28 00:08:14";"https://www.addthis.com/";"1960";"1";"815";"1371";"4767";"301";"9215"
"2018-05-28 00:08:27";"https://www.theguardian.com/";"1631";"41";"192";"3623";"19698";"45";"25230"
"2018-05-28 00:08:38";"https://www.google.co.jp/";"4696";"89";"1440";"684";"4983";"130";"12022"
"2018-05-28 00:08:42";"http://en.gravatar.com/";"2419";"228";"1072";"2733";"875";"1";"7328"
"2018-05-28 00:08:43";"http://ascii.co.uk/";"279";"111";"1886";"2596";"6714";"43";"11629"
"2018-05-28 00:08:47";"https://www.nih.gov/";"3252";"42";"4131";"4062";"4773";"4";"16264"
"2018-05-28 00:08:48";"https://www.wix.com/";"3728";"114";"4158";"2040";"9814";"263";"20117"
"2018-05-28 00:08:58";"https://www.paypal.com/";"3757";"257";"1492";"803";"2052";"26";"8387"
"2018-05-28 00:08:59";"https://outlook.live.com/";"1255";"78";"843";"3589";"813";"0";"6578"
"2018-05-28 00:09:24";"https://www.elegantthemes.com/";"3150";"111";"669";"926";"1634";"23";"6513"
"2018-05-28 00:10:01";"https://www.123-reg.co.uk/";"1090";"1";"543";"608";"4463";"456";"7161"
"2018-05-28 00:10:06";"https://www.tripadvisor.com/";"1740";"986";"451";"740";"2630";"55";"6602"
"2018-05-28 00:10:29";"https://issuu.com/";"1561";"93";"890";"3488";"4814";"4";"10850"
"2018-05-28 00:10:32";"http://www.stumbleupon.com/";"3541";"79";"346";"1003";"454";"2";"5425"
"2018-05-28 00:10:40";"https://www.stumbleupon.com/";"7";"99";"387";"1306";"3111";"208";"5118"
"2018-05-28 00:10:47";"https://www.huffingtonpost.com/";"1065";"25";"688";"4018";"26763";"58";"32617"
"2018-05-28 00:11:14";"http://digg.com/";"146";"175";"2171";"5717";"16977";"344";"25530"
"2018-05-28 00:11:14";"https://creativecommons.org/";"2708";"1";"1395";"5295";"11679";"2";"21080"
"2018-05-28 00:11:23";"https://www.google.co.uk/";"7735";"93";"806";"628";"4229";"10";"13501"
"2018-05-28 00:11:38";"https://www.parallels.com/";"9034";"207";"587";"975";"14323";"2";"25128"
"2018-05-28 00:11:41";"https://www.dropbox.com/";"5620";"306";"2393";"659";"12556";"42";"21576"
"2018-05-28 00:11:46";"https://aws.amazon.com/";"2954";"104";"2110";"9725";"14354";"9";"29256"
"2018-05-28 00:11:48";"https://www.imdb.com/";"6226";"376";"5055";"8804";"23593";"52";"44106"
"2018-05-28 00:11:53";"https://www.yelp.com/";"5692";"518";"2140";"8246";"26931";"4";"43531"
"2018-05-28 00:11:58";"https://www.addtoany.com/";"14193";"37";"4363";"502";"6394";"1";"25490"
"2018-05-28 00:11:59";"https://www.opera.com/";"4204";"247";"2342";"2509";"1513";"263";"11078"
"2018-05-28 00:12:13";"https://www.e-recht24.de/";"3545";"721";"1557";"5223";"5489";"720";"17255"
"2018-05-28 00:12:21";"https://www.msn.com/";"11111";"167";"4161";"7894";"20483";"106";"43922"
"2018-05-28 00:12:24";"http://go.com/";"485";"68";"4130";"7113";"27569";"112";"39477"
"2018-05-28 00:12:43";"https://www.etsy.com/";"3134";"278";"1842";"16647";"320";"2";"22223"
"2018-05-28 00:12:56";"https://cpanel.com/";"2363";"61";"912";"1122";"2942";"4";"7404"
"2018-05-28 00:12:56";"https://archive.org/";"2859";"198";"2772";"2627";"3282";"31";"11769"
"2018-05-28 00:13:04";"https://www.eventbrite.com/";"8927";"413";"342";"6001";"7914";"178";"23775"
"2018-05-28 00:13:16";"https://www.xing.com/";"4383";"424";"3870";"4223";"9729";"3";"22632"
"2018-05-28 00:13:28";"https://www.ebay.com/";"4791";"214";"2617";"6685";"527";"80";"14914"
"2018-05-28 00:13:36";"https://sourceforge.net/";"2419";"233";"8371";"6766";"12136";"25";"29950"
"2018-05-28 00:13:50";"https://ameblo.jp/";"4794";"271";"6126";"7140";"10924";"1";"29256"
"2018-05-28 00:13:52";"http://www.free.fr/";"8029";"16";"11482";"1569";"734";"0";"21830"
"2018-05-28 00:13:52";"https://fc2.com/";"2930";"123";"2698";"2952";"23897";"1";"32601"
"2018-05-28 00:13:58";"https://www.bing.com/";"22855";"175";"2957";"1740";"94";"20";"27841"
"2018-05-28 00:14:17";"https://cpanel.com/";"15393";"107";"3302";"1806";"9080";"4";"29692"
"2018-05-28 00:14:25";"https://www.amazon.co.uk/";"9201";"526";"2823";"25410";"30446";"70";"68476"
"2018-05-28 00:15:09";"https://www.telegraph.co.uk/";"8354";"78";"4780";"18273";"93809";"795";"126089"
"2018-05-28 00:15:17";"https://www.wikimedia.org/";"14850";"12";"1586";"82";"8514";"12";"25056"
"2018-05-28 00:15:20";"http://www.typepad.com/";"5585";"6289";"412";"2119";"4390";"6";"18801"
"2018-05-28 00:15:20";"https://weibo.com/";"10294";"982";"2518";"2614";"42214";"101";"58723"
"2018-05-28 00:15:46";"https://www.reuters.com/";"11597";"141";"1724";"10087";"98102";"435";"122086"
