"2018-06-05 10:00:29";"https://www.facebook.com/";"2263";"393";"187";"1943";"1856";"126";"6768"
"2018-06-05 10:00:35";"https://twitter.com/";"230";"155";"194";"681";"1316";"1";"2577"
"2018-06-05 10:00:36";"https://www.google.com/";"485";"111";"195";"832";"1091";"36";"2750"
"2018-06-05 10:00:41";"https://www.youtube.com/";"296";"112";"526";"1435";"169";"9";"2547"
"2018-06-05 10:00:50";"https://www.linkedin.com/";"274";"684";"77";"1137";"261";"75";"2508"
"2018-06-05 10:00:55";"https://wordpress.org/";"251";"27";"264";"664";"1242";"1";"2449"
"2018-06-05 10:01:00";"https://www.instagram.com/";"1390";"111";"214";"2000";"317";"5";"4037"
"2018-06-05 10:01:03";"https://www.pinterest.com/";"472";"153";"271";"793";"4762";"117";"6568"
"2018-06-05 10:01:11";"https://www.wikipedia.org/";"611";"38";"392";"2870";"375";"0";"4286"
"2018-06-05 10:01:15";"https://www.blogger.com/";"1347";"33";"272";"1261";"1743";"0";"4656"
"2018-06-05 10:01:28";"https://wordpress.com/";"946";"49";"474";"432";"16157";"476";"18534"
"2018-06-05 10:01:41";"https://www.adobe.com/";"8386";"337";"281";"5267";"7542";"369";"22182"
"2018-06-05 10:01:51";"https://www.apple.com/";"1946";"84";"806";"7078";"1264";"34";"11212"
"2018-06-05 10:01:54";"https://www.tumblr.com/";"1427";"251";"447";"9445";"1517";"47";"13134"
"2018-06-05 10:01:56";"https://www.youtube.com/";"1401";"145";"564";"8834";"1405";"36";"12385"
"2018-06-05 10:02:08";"https://goo.gl/";"824";"75";"485";"1415";"2186";"1";"4986"
"2018-06-05 10:02:13";"https://www.amazon.com/";"696";"123";"578";"4421";"10950";"92";"16860"
"2018-06-05 10:02:20";"https://www.microsoft.com/";"2230";"236";"429";"3235";"1382";"37";"7549"
"2018-06-05 10:02:26";"https://vimeo.com/";"165";"113";"2494";"3909";"7598";"70";"14349"
"2018-06-05 10:02:46";"https://www.flickr.com/";"903";"113";"315";"663";"13003";"11";"15008"
"2018-06-05 10:03:04";"https://www.godaddy.com/";"2545";"553";"2765";"555";"700";"30";"7148"
"2018-06-05 10:03:07";"https://www.buydomains.com/";"2542";"306";"637";"2273";"13987";"26";"19771"
"2018-06-05 10:03:08";"https://www.yahoo.com/";"1179";"87";"1709";"5664";"21426";"39";"30104"
"2018-06-05 10:03:15";"https://vk.com/";"1799";"400";"3294";"4426";"4805";"141";"14865"
"2018-06-05 10:03:20";"https://www.w3.org/";"4360";"254";"2167";"1164";"2690";"1";"10636"
"2018-06-05 10:03:28";"http://t.co/";"382";"136";"3985";"43";"98";"0";"4644"
"2018-06-05 10:03:30";"http://baidu.com/";"22";"0";"1722";"188";"38";"0";"1970"
"2018-06-05 10:03:33";"https://www.reddit.com/";"3489";"1262";"4124";"1052";"21498";"12";"31437"
"2018-06-05 10:03:36";"http://www.baidu.com/";"459";"325";"906";"4029";"802";"53";"6574"
"2018-06-05 10:03:43";"http://europa.eu/";"17";"52";"2053";"1023";"1345";"3";"4493"
"2018-06-05 10:03:44";"https://www.nytimes.com/";"1604";"24";"1089";"13503";"14237";"11";"30468"
"2018-06-05 10:03:47";"https://www.gov.uk/";"1610";"66";"584";"1741";"852";"1";"4854"
"2018-06-05 10:04:09";"https://www.weebly.com/";"1357";"160";"287";"3829";"6817";"2";"12452"
"2018-06-05 10:04:11";"http://statcounter.com/";"87";"1279";"3042";"3191";"2293";"1";"9893"
"2018-06-05 10:04:13";"https://www.blogger.com/";"3890";"172";"745";"1927";"352";"0";"7086"
"2018-06-05 10:04:34";"https://soundcloud.com/";"2724";"492";"962";"4416";"19774";"2";"28370"
"2018-06-05 10:04:35";"https://www.mozilla.org/";"9583";"25";"3014";"1904";"1895";"1";"16422"
"2018-06-05 10:04:35";"http://www.bbc.com/";"1718";"124";"150";"9741";"12645";"385";"24763"
"2018-06-05 10:04:36";"https://github.com/";"3464";"140";"3254";"3901";"3930";"2";"14691"
"2018-06-05 10:04:39";"https://www.google.de/";"4860";"165";"1815";"1539";"4567";"69";"13015"
"2018-06-05 10:04:57";"https://yandex.ru/";"1967";"280";"1537";"5795";"3358";"112";"13049"
"2018-06-05 10:05:01";"https://www.jimdo.com/";"1257";"119";"858";"2748";"12056";"0";"17038"
"2018-06-05 10:05:11";"https://wordpress.com/";"4842";"48";"900";"577";"9280";"391";"16038"
"2018-06-05 10:05:22";"https://www.addthis.com/";"1153";"124";"620";"1608";"7937";"204";"11646"
"2018-06-05 10:05:35";"https://www.bluehost.com/";"2371";"469";"1030";"3539";"27502";"63";"34974"
"2018-06-05 10:05:44";"https://www.google.co.jp/";"6139";"101";"4791";"869";"4655";"10";"16565"
"2018-06-05 10:05:44";"https://www.theguardian.com/";"2934";"137";"1193";"7513";"22505";"66";"34348"
"2018-06-05 10:05:44";"http://en.gravatar.com/";"3729";"491";"1229";"3407";"964";"0";"9820"
"2018-06-05 10:05:44";"https://www.nih.gov/";"6953";"51";"1707";"4064";"2972";"36";"15783"
"2018-06-05 10:05:51";"https://www.wix.com/";"3626";"170";"4828";"4428";"11064";"2";"24118"
"2018-06-05 10:05:51";"http://ascii.co.uk/";"362";"114";"3758";"2086";"14441";"10";"20771"
"2018-06-05 10:05:56";"https://www.paypal.com/";"3812";"413";"741";"1018";"2267";"12";"8263"
"2018-06-05 10:05:57";"https://outlook.live.com/";"1705";"131";"803";"4077";"700";"0";"7416"
"2018-06-05 10:06:13";"https://www.elegantthemes.com/";"2577";"74";"877";"1961";"640";"36";"6165"
"2018-06-05 10:06:45";"https://www.123-reg.co.uk/";"1744";"0";"686";"782";"5066";"1129";"9407"
"2018-06-05 10:06:50";"https://www.tripadvisor.com/";"1920";"309";"582";"816";"6660";"97";"10384"
"2018-06-05 10:07:11";"https://issuu.com/";"1513";"136";"857";"5231";"9606";"9";"17352"
"2018-06-05 10:07:14";"http://www.stumbleupon.com/";"3013";"497";"1286";"2327";"5553";"496";"13172"
"2018-06-05 10:07:16";"https://www.huffingtonpost.com/";"1879";"341";"1743";"5717";"14955";"9";"24644"
"2018-06-05 10:07:21";"https://www.stumbleupon.com/";"236";"391";"344";"1170";"1197";"91";"3429"
"2018-06-05 10:08:03";"https://www.msn.com/";"1109";"166";"602";"7330";"1532";"28";"10767"
"2018-06-05 10:08:13";"https://www.opera.com/";"2344";"39";"619";"1203";"1150";"548";"5903"
"2018-06-05 10:08:22";"https://www.e-recht24.de/";"2282";"742";"1434";"3495";"6218";"244";"14415"
"2018-06-05 10:08:41";"http://go.com/";"89";"40";"1421";"6014";"31478";"45";"39087"
"2018-06-05 10:08:56";"https://www.etsy.com/";"1321";"279";"576";"15348";"7476";"113";"25113"
"2018-06-05 10:09:02";"https://archive.org/";"2451";"515";"1056";"3223";"5531";"34";"12810"
"2018-06-05 10:09:10";"https://cpanel.com/";"3736";"136";"784";"5074";"3823";"4";"13557"
"2018-06-05 10:09:25";"https://www.xing.com/";"3064";"414";"1016";"8957";"9730";"2";"23183"
"2018-06-05 10:09:27";"https://www.eventbrite.com/";"1559";"421";"735";"12246";"22292";"187";"37440"
"2018-06-05 10:09:28";"https://www.forbes.com/";"4702";"48";"641";"4093";"86060";"343";"95887"
"2018-06-05 10:09:30";"https://www.washingtonpost.com/";"1863";"86";"435";"8896";"50535";"4213";"66028"
"2018-06-05 10:09:40";"https://fc2.com/";"3654";"340";"5753";"3524";"3631";"20";"16922"
"2018-06-05 10:09:40";"https://www.ebay.com/";"4444";"143";"6437";"6998";"1057";"62";"19141"
"2018-06-05 10:09:41";"http://www.free.fr/";"2923";"206";"4974";"5043";"3581";"0";"16727"
"2018-06-05 10:09:47";"https://www.bing.com/";"9022";"230";"8695";"3063";"75";"22";"21107"
"2018-06-05 10:09:50";"https://sourceforge.net/";"3853";"668";"8629";"7348";"21452";"289";"42239"
"2018-06-05 10:09:55";"https://cpanel.com/";"3740";"667";"7647";"1471";"9476";"4";"23005"
"2018-06-05 10:09:59";"https://www.amazon.co.uk/";"7475";"519";"6925";"11192";"13444";"21";"39576"
"2018-06-05 10:10:46";"https://www.wikimedia.org/";"8949";"165";"4289";"135";"3078";"0";"16616"
"2018-06-05 10:10:51";"http://www.typepad.com/";"3361";"265";"1598";"1776";"4782";"0";"11782"
"2018-06-05 10:10:52";"https://www.bloomberg.com/";"2555";"130";"1391";"2756";"35176";"342";"42350"
"2018-06-05 10:11:05";"http://www.dailymail.co.uk/";"9081";"240";"3344";"18869";"33199";"90";"64823"
