"2018-06-02 13:17:38";"https://www.facebook.com/";"2372";"629";"144";"799";"1268";"21";"5233"
"2018-06-02 13:17:47";"https://twitter.com/";"444";"159";"376";"660";"952";"1";"2592"
"2018-06-02 13:17:49";"https://www.google.com/";"577";"217";"373";"746";"1538";"59";"3510"
"2018-06-02 13:18:06";"https://www.youtube.com/";"1849";"7437";"69";"2544";"920";"7";"12826"
"2018-06-02 13:18:13";"https://www.linkedin.com/";"271";"618";"191";"692";"4055";"214";"6041"
"2018-06-02 13:18:18";"https://wordpress.org/";"913";"145";"414";"622";"3644";"0";"5738"
"2018-06-02 13:18:20";"https://www.instagram.com/";"2265";"221";"448";"2065";"297";"8";"5304"
"2018-06-02 13:18:23";"https://www.pinterest.com/";"1229";"253";"242";"996";"3526";"67";"6313"
"2018-06-02 13:18:34";"https://www.blogger.com/";"1694";"36";"385";"2411";"598";"0";"5124"
"2018-06-02 13:18:34";"https://www.wikipedia.org/";"1388";"36";"2039";"575";"4536";"1";"8575"
"2018-06-02 13:18:34";"https://wordpress.com/";"1096";"54";"1188";"449";"4109";"186";"7082"
"2018-06-02 13:18:43";"https://www.adobe.com/";"562";"974";"110";"2244";"1724";"126";"5740"
"2018-06-02 13:19:13";"https://www.apple.com/";"1175";"35";"340";"6582";"879";"6";"9017"
"2018-06-02 13:19:13";"https://www.tumblr.com/";"1208";"101";"169";"7513";"652";"8";"9651"
"2018-06-02 13:19:18";"https://www.youtube.com/";"2313";"70";"625";"4173";"787";"3";"7971"
"2018-06-02 13:19:36";"https://www.amazon.com/";"1059";"128";"634";"3099";"7434";"66";"12420"
"2018-06-02 13:19:37";"https://goo.gl/";"2010";"365";"304";"1729";"1600";"5";"6013"
"2018-06-02 13:19:47";"https://www.microsoft.com/";"888";"461";"442";"2410";"202";"17";"4420"
"2018-06-02 13:19:50";"https://vimeo.com/";"1843";"110";"900";"2147";"5933";"8";"10941"
"2018-06-02 13:20:13";"https://www.flickr.com/";"2032";"105";"286";"589";"7920";"11";"10943"
"2018-06-02 13:20:34";"https://www.yahoo.com/";"2069";"74";"1965";"2022";"13523";"42";"19695"
"2018-06-02 13:20:45";"https://www.buydomains.com/";"6169";"1233";"592";"2366";"12573";"29";"22962"
"2018-06-02 13:20:46";"https://www.godaddy.com/";"3701";"363";"5304";"737";"844";"4";"10953"
"2018-06-02 13:20:49";"http://www.qq.com/";"2870";"81";"814";"7571";"12505";"1";"23842"
"2018-06-02 13:20:53";"https://vk.com/";"3755";"179";"1862";"5875";"1683";"350";"13704"
"2018-06-02 13:21:09";"http://t.co/";"504";"114";"1959";"33";"1104";"0";"3714"
"2018-06-02 13:21:11";"https://www.w3.org/";"8274";"79";"4615";"3327";"1334";"0";"17629"
"2018-06-02 13:21:12";"https://www.reddit.com/";"1842";"704";"7691";"635";"18586";"288";"29746"
"2018-06-02 13:21:18";"http://baidu.com/";"114";"39";"3325";"3";"78";"1";"3560"
"2018-06-02 13:21:20";"http://www.baidu.com/";"650";"264";"167";"1649";"383";"4";"3117"
"2018-06-02 13:21:24";"https://www.nytimes.com/";"4235";"92";"4131";"8589";"8204";"79";"25330"
"2018-06-02 13:21:32";"http://europa.eu/";"24";"21";"4263";"245";"1586";"3";"6142"
"2018-06-02 13:21:35";"https://www.gov.uk/";"3147";"46";"468";"1311";"574";"2";"5548"
"2018-06-02 13:22:06";"https://www.weebly.com/";"2478";"177";"269";"3274";"8378";"1";"14577"
"2018-06-02 13:22:12";"http://statcounter.com/";"10175";"1180";"1984";"1441";"4120";"0";"18900"
"2018-06-02 13:22:13";"https://www.blogger.com/";"7608";"68";"3827";"955";"581";"0";"13039"
"2018-06-02 13:22:35";"https://soundcloud.com/";"6453";"516";"653";"5198";"22255";"1";"35076"
"2018-06-02 13:22:39";"https://www.google.de/";"8575";"109";"1562";"1615";"3614";"15";"15490"
"2018-06-02 13:22:39";"https://www.mozilla.org/";"12570";"115";"1169";"1722";"3430";"3";"19009"
"2018-06-02 13:22:50";"https://github.com/";"7623";"238";"8691";"5346";"13153";"2";"35053"
"2018-06-02 13:22:55";"https://myspace.com/";"3090";"237";"1293";"8839";"12189";"184";"25832"
"2018-06-02 13:22:57";"https://yandex.ru/";"6381";"332";"1244";"5840";"835";"4";"14636"
"2018-06-02 13:22:59";"https://www.jimdo.com/";"3624";"201";"953";"3184";"5877";"1";"13840"
"2018-06-02 13:23:21";"https://www.bluehost.com/";"3104";"321";"824";"1187";"7552";"12";"13000"
"2018-06-02 13:23:23";"https://wordpress.com/";"7447";"46";"544";"231";"15245";"272";"23785"
"2018-06-02 13:23:28";"https://www.addthis.com/";"4303";"124";"983";"1537";"3474";"265";"10686"
"2018-06-02 13:24:09";"https://www.google.co.jp/";"12184";"95";"11285";"418";"9528";"41";"33551"
"2018-06-02 13:24:13";"http://en.gravatar.com/";"4602";"10752";"4731";"1434";"1614";"1";"23134"
"2018-06-02 13:24:14";"http://ascii.co.uk/";"498";"115";"8761";"7469";"12689";"215";"29747"
"2018-06-02 13:24:17";"https://www.wix.com/";"7515";"176";"16508";"8322";"7546";"3";"40070"
"2018-06-02 13:24:17";"https://www.nih.gov/";"23916";"60";"5296";"3397";"2716";"4";"35389"
"2018-06-02 13:24:18";"https://www.paypal.com/";"10476";"329";"1394";"1186";"3012";"36";"16433"
"2018-06-02 13:24:20";"https://outlook.live.com/";"3926";"76";"2126";"6326";"1640";"1";"14095"
"2018-06-02 13:24:34";"https://www.elegantthemes.com/";"4364";"77";"581";"884";"3139";"2";"9047"
"2018-06-02 13:24:39";"https://www.cnn.com/";"14780";"59";"1996";"8280";"18443";"260";"43818"
"2018-06-02 13:25:12";"https://www.123-reg.co.uk/";"4805";"20";"4014";"421";"3819";"1319";"14398"
"2018-06-02 13:25:14";"https://www.tripadvisor.com/";"3708";"332";"1249";"843";"5277";"16";"11425"
"2018-06-02 13:25:40";"http://www.stumbleupon.com/";"4049";"82";"560";"1656";"4529";"829";"11705"
"2018-06-02 13:25:55";"https://www.stumbleupon.com/";"350";"86";"450";"2305";"3974";"588";"7753"
"2018-06-02 13:25:55";"https://issuu.com/";"5161";"84";"4580";"1287";"14779";"2";"25893"
"2018-06-02 13:26:34";"https://www.msn.com/";"1313";"153";"104";"2747";"1245";"44";"5606"
"2018-06-02 13:26:45";"https://www.opera.com/";"663";"62";"90";"820";"138";"489";"2262"
"2018-06-02 13:26:49";"http://go.com/";"55";"36";"675";"2565";"5917";"9";"9257"
"2018-06-02 13:26:50";"https://www.e-recht24.de/";"1868";"502";"187";"2862";"635";"167";"6221"
"2018-06-02 13:26:52";"https://www.forbes.com/";"3710";"107";"184";"1406";"20523";"54";"25984"
"2018-06-02 13:27:06";"https://www.washingtonpost.com/";"641";"45";"103";"1700";"3703";"1131";"7323"
"2018-06-02 13:27:17";"https://www.etsy.com/";"600";"278";"203";"4987";"739";"1";"6808"
"2018-06-02 13:27:33";"https://www.eventbrite.com/";"568";"724";"103";"2117";"2762";"256";"6530"
"2018-06-02 13:27:35";"https://archive.org/";"467";"233";"250";"1442";"1452";"8";"3852"
"2018-06-02 13:27:41";"https://cpanel.com/";"749";"58";"90";"1235";"905";"10";"3047"
"2018-06-02 13:27:48";"https://www.xing.com/";"672";"289";"181";"1868";"1028";"2";"4040"
"2018-06-02 13:28:00";"https://sourceforge.net/";"824";"484";"275";"1920";"3617";"49";"7169"
"2018-06-02 13:28:18";"https://www.amazon.co.uk/";"2521";"441";"1954";"4776";"6544";"34";"16270"
"2018-06-02 13:28:21";"https://www.ebay.com/";"1917";"228";"3624";"3674";"6136";"113";"15692"
"2018-06-02 13:28:23";"https://fc2.com/";"2916";"291";"2267";"2836";"7505";"2";"15817"
"2018-06-02 13:28:31";"https://www.bing.com/";"3254";"441";"1399";"617";"1690";"4";"7405"
"2018-06-02 13:28:37";"http://www.free.fr/";"2862";"269";"1135";"3570";"9029";"1";"16866"
"2018-06-02 13:28:37";"https://ameblo.jp/";"1543";"311";"1981";"4739";"24990";"1";"33565"
"2018-06-02 13:28:42";"https://cpanel.com/";"3587";"73";"7687";"745";"3015";"31";"15138"
"2018-06-02 13:29:14";"https://weibo.com/";"3136";"1178";"426";"2834";"3280";"83";"10937"
"2018-06-02 13:29:27";"https://www.livejournal.com/";"3611";"181";"818";"3888";"42927";"21";"51446"
"2018-06-02 13:29:45";"https://www.bloomberg.com/";"1925";"51";"1609";"2014";"29492";"160";"35251"
"2018-06-02 13:29:47";"https://www.wikimedia.org/";"2859";"46";"2076";"217";"1976";"1";"7175"
"2018-06-02 13:29:51";"http://www.typepad.com/";"2366";"121";"150";"945";"2105";"38";"5725"
"2018-06-02 13:30:14";"https://www.aol.com/";"2240";"223";"381";"10518";"19763";"204";"33329"
