"2018-06-04 23:48:17";"https://www.facebook.com/";"2495";"177";"367";"1114";"1428";"43";"5624"
"2018-06-04 23:48:26";"https://twitter.com/";"216";"468";"397";"1358";"1078";"0";"3517"
"2018-06-04 23:48:26";"https://www.google.com/";"293";"167";"285";"921";"1449";"48";"3163"
"2018-06-04 23:48:34";"https://www.youtube.com/";"321";"99";"541";"1796";"694";"116";"3567"
"2018-06-04 23:48:44";"https://www.linkedin.com/";"238";"266";"103";"1468";"337";"98";"2510"
"2018-06-04 23:48:50";"https://wordpress.org/";"340";"26";"262";"791";"1558";"1";"2978"
"2018-06-04 23:48:55";"https://www.instagram.com/";"1593";"194";"308";"973";"721";"5";"3794"
"2018-06-04 23:49:01";"https://www.pinterest.com/";"881";"955";"196";"1222";"5092";"152";"8498"
"2018-06-04 23:49:09";"https://www.wikipedia.org/";"881";"35";"364";"2690";"228";"7";"4205"
"2018-06-04 23:49:11";"https://www.blogger.com/";"1228";"98";"297";"1602";"385";"0";"3610"
"2018-06-04 23:49:14";"https://wordpress.com/";"1015";"58";"965";"3081";"1945";"385";"7449"
"2018-06-04 23:49:29";"https://www.adobe.com/";"437";"48";"286";"4830";"4722";"483";"10806"
"2018-06-04 23:49:49";"https://www.apple.com/";"519";"34";"655";"5967";"1844";"7";"9026"
"2018-06-04 23:49:50";"https://www.tumblr.com/";"569";"99";"287";"7296";"1768";"21";"10040"
"2018-06-04 23:49:53";"https://www.youtube.com/";"1188";"80";"541";"3233";"393";"21";"5456"
"2018-06-04 23:50:11";"https://www.amazon.com/";"816";"135";"669";"3864";"5870";"95";"11449"
"2018-06-04 23:50:12";"https://goo.gl/";"881";"68";"486";"989";"1753";"8";"4185"
"2018-06-04 23:50:26";"https://vimeo.com/";"588";"108";"358";"2600";"5816";"59";"9529"
"2018-06-04 23:50:28";"https://www.microsoft.com/";"1496";"182";"363";"2555";"1167";"35";"5798"
"2018-06-04 23:50:50";"https://www.flickr.com/";"956";"110";"357";"366";"7925";"81";"9795"
"2018-06-04 23:51:19";"https://www.yahoo.com/";"978";"68";"879";"4212";"19688";"31";"25856"
"2018-06-04 23:51:20";"https://www.buydomains.com/";"2322";"307";"2116";"2262";"13719";"22";"20748"
"2018-06-04 23:51:22";"https://www.godaddy.com/";"2493";"554";"3254";"957";"962";"39";"8259"
"2018-06-04 23:51:27";"https://vk.com/";"2298";"176";"1037";"3571";"2128";"131";"9341"
"2018-06-04 23:51:28";"http://www.qq.com/";"1726";"69";"589";"8060";"15729";"2";"26175"
"2018-06-04 23:51:37";"https://www.w3.org/";"3233";"147";"808";"931";"1449";"1";"6569"
"2018-06-04 23:51:46";"http://t.co/";"377";"95";"1696";"85";"111";"0";"2364"
"2018-06-04 23:51:47";"https://www.reddit.com/";"2348";"620";"4613";"1782";"17338";"33";"26734"
"2018-06-04 23:51:52";"http://baidu.com/";"29";"0";"1205";"6";"96";"1";"1337"
"2018-06-04 23:51:54";"http://www.baidu.com/";"634";"447";"70";"841";"601";"7";"2600"
"2018-06-04 23:52:04";"https://www.nytimes.com/";"2116";"241";"749";"13525";"12663";"16";"29310"
"2018-06-04 23:52:07";"http://europa.eu/";"85";"130";"888";"2275";"1980";"3";"5361"
"2018-06-04 23:52:11";"https://www.gov.uk/";"1000";"1";"400";"902";"908";"2";"3213"
"2018-06-04 23:52:39";"http://statcounter.com/";"92";"503";"1946";"2674";"2731";"1";"7947"
"2018-06-04 23:52:39";"https://www.weebly.com/";"1342";"182";"308";"4513";"6807";"3";"13155"
"2018-06-04 23:52:44";"https://www.blogger.com/";"3818";"97";"1109";"1479";"829";"1";"7333"
"2018-06-04 23:52:56";"https://soundcloud.com/";"2969";"198";"788";"3370";"12986";"1";"20312"
"2018-06-04 23:53:02";"https://www.mozilla.org/";"4829";"177";"918";"844";"2479";"2";"9249"
"2018-06-04 23:53:04";"http://www.bbc.com/";"551";"96";"138";"9891";"10380";"85";"21141"
"2018-06-04 23:53:05";"https://github.com/";"1490";"178";"904";"5468";"2164";"2";"10206"
"2018-06-04 23:53:08";"https://www.google.de/";"4429";"91";"1789";"766";"2123";"13";"9211"
"2018-06-04 23:53:28";"https://myspace.com/";"1273";"171";"1014";"8770";"12719";"157";"24104"
"2018-06-04 23:53:31";"https://www.jimdo.com/";"2320";"121";"615";"3503";"4904";"1";"11464"
"2018-06-04 23:53:43";"https://wordpress.com/";"2408";"46";"1490";"389";"3777";"458";"8568"
"2018-06-04 23:53:45";"https://www.bluehost.com/";"1483";"842";"345";"1038";"3893";"20";"7621"
"2018-06-04 23:54:16";"https://www.addthis.com/";"957";"1";"447";"13060";"7415";"56";"21936"
"2018-06-04 23:54:25";"https://www.google.co.jp/";"5694";"108";"2531";"890";"3705";"60";"12988"
"2018-06-04 23:54:25";"https://www.theguardian.com/";"4939";"1793";"7350";"3108";"18354";"16";"35560"
"2018-06-04 23:54:28";"http://ascii.co.uk/";"431";"129";"1313";"3022";"4862";"38";"9795"
"2018-06-04 23:54:28";"http://en.gravatar.com/";"2705";"63";"1442";"3289";"1218";"0";"8717"
"2018-06-04 23:54:32";"https://www.nih.gov/";"4388";"42";"3740";"2241";"5326";"4";"15741"
"2018-06-04 23:54:32";"https://www.wix.com/";"3591";"102";"4114";"3022";"5979";"497";"17305"
"2018-06-04 23:54:42";"https://www.paypal.com/";"4141";"311";"1010";"672";"1564";"12";"7710"
"2018-06-04 23:54:45";"https://outlook.live.com/";"1731";"75";"1129";"4151";"897";"0";"7983"
"2018-06-04 23:55:03";"https://www.cnn.com/";"3097";"40";"706";"6892";"18697";"161";"29593"
"2018-06-04 23:55:10";"https://www.elegantthemes.com/";"4487";"177";"400";"734";"3138";"1";"8937"
"2018-06-04 23:55:43";"https://www.123-reg.co.uk/";"1103";"79";"606";"644";"4160";"544";"7136"
"2018-06-04 23:55:51";"https://www.tripadvisor.com/";"2185";"1640";"258";"463";"5944";"16";"10506"
"2018-06-04 23:56:09";"https://issuu.com/";"2527";"108";"1308";"2240";"2065";"2";"8250"
"2018-06-04 23:56:13";"http://www.stumbleupon.com/";"4068";"81";"722";"979";"537";"2";"6389"
"2018-06-04 23:56:17";"https://www.huffingtonpost.com/";"1179";"25";"773";"3962";"18092";"35";"24066"
"2018-06-04 23:56:20";"https://www.stumbleupon.com/";"12";"91";"77";"901";"2525";"257";"3863"
"2018-06-04 23:56:42";"http://digg.com/";"150";"189";"1538";"5286";"5951";"85";"13199"
"2018-06-04 23:56:52";"https://creativecommons.org/";"2584";"93";"800";"4778";"13603";"7";"21865"
"2018-06-04 23:57:02";"https://www.google.co.uk/";"7567";"117";"2228";"1152";"4255";"90";"15409"
"2018-06-04 23:57:10";"https://www.parallels.com/";"9547";"229";"2220";"2063";"8697";"4";"22760"
"2018-06-04 23:57:11";"https://www.dropbox.com/";"6348";"1002";"2008";"558";"7058";"117";"17091"
"2018-06-04 23:57:18";"https://aws.amazon.com/";"3284";"20";"2189";"12024";"3279";"5";"20801"
"2018-06-04 23:57:18";"https://www.imdb.com/";"6216";"310";"5081";"9312";"16200";"77";"37196"
"2018-06-04 23:57:27";"https://www.yelp.com/";"6135";"523";"2346";"8208";"24198";"2";"41412"
"2018-06-04 23:57:29";"https://www.addtoany.com/";"13897";"47";"999";"75";"4007";"1";"19026"
"2018-06-04 23:57:45";"https://www.opera.com/";"4360";"192";"1780";"1513";"14213";"2";"22060"
"2018-06-04 23:57:49";"https://www.e-recht24.de/";"5357";"800";"1717";"7611";"10233";"64";"25782"
"2018-06-04 23:58:10";"https://www.etsy.com/";"3167";"432";"1780";"11377";"85";"0";"16841"
"2018-06-04 23:58:24";"https://www.washingtonpost.com/";"6368";"88";"3835";"9121";"14508";"836";"34756"
"2018-06-04 23:58:24";"https://archive.org/";"2867";"350";"979";"2939";"3129";"50";"10314"
"2018-06-04 23:58:40";"https://www.eventbrite.com/";"6659";"386";"1300";"7117";"9378";"289";"25129"
"2018-06-04 23:58:40";"https://cpanel.com/";"9678";"57";"2944";"640";"1435";"7";"14761"
"2018-06-04 23:59:19";"https://ameblo.jp/";"9973";"223";"4673";"5521";"5997";"1";"26388"
"2018-06-04 23:59:19";"http://www.free.fr/";"6231";"128";"7114";"3352";"150";"1";"16976"
"2018-06-04 23:59:21";"https://www.ebay.com/";"5683";"142";"12673";"5015";"1025";"57";"24595"
"2018-06-04 23:59:23";"https://www.xing.com/";"3833";"436";"16309";"5954";"27857";"2";"54391"
"2018-06-04 23:59:59";"https://fc2.com/";"6095";"110";"8388";"3618";"37020";"1";"55232"
"2018-06-05 00:00:02";"https://cpanel.com/";"14680";"108";"12589";"23948";"5872";"6";"57203"
"2018-06-05 00:00:02";"https://www.bing.com/";"21005";"62";"12640";"25433";"4464";"1117";"64721"
"2018-06-05 00:00:58";"http://www.typepad.com/";"3810";"147";"617";"489";"1043";"33";"6139"
"2018-06-05 00:01:06";"https://www.wikimedia.org/";"7630";"118";"8307";"3844";"3645";"0";"23544"
