"2018-06-05 00:35:09";"https://www.facebook.com/";"2238";"169";"280";"1609";"1903";"84";"6283"
"2018-06-05 00:35:18";"https://twitter.com/";"270";"159";"153";"957";"1017";"0";"2556"
"2018-06-05 00:35:19";"https://www.google.com/";"545";"93";"251";"1059";"1375";"17";"3340"
"2018-06-05 00:35:27";"https://www.youtube.com/";"347";"77";"483";"2192";"321";"9";"3429"
"2018-06-05 00:35:40";"https://www.linkedin.com/";"238";"2432";"75";"1362";"218";"79";"4404"
"2018-06-05 00:35:44";"https://wordpress.org/";"328";"49";"184";"694";"1471";"0";"2726"
"2018-06-05 00:35:49";"https://www.instagram.com/";"1773";"209";"254";"2154";"297";"8";"4695"
"2018-06-05 00:35:53";"https://www.pinterest.com/";"883";"180";"69";"805";"5239";"123";"7299"
"2018-06-05 00:36:03";"https://www.wikipedia.org/";"557";"163";"204";"4271";"198";"0";"5393"
"2018-06-05 00:36:06";"https://www.blogger.com/";"1354";"33";"322";"2017";"348";"0";"4074"
"2018-06-05 00:36:12";"https://wordpress.com/";"716";"72";"710";"462";"8296";"410";"10666"
"2018-06-05 00:36:25";"https://www.adobe.com/";"765";"126";"319";"5587";"5472";"400";"12669"
"2018-06-05 00:36:46";"https://www.apple.com/";"688";"49";"620";"5299";"1082";"26";"7764"
"2018-06-05 00:36:50";"https://www.tumblr.com/";"579";"139";"411";"8857";"1681";"22";"11689"
"2018-06-05 00:36:54";"https://www.youtube.com/";"813";"155";"597";"6465";"283";"3";"8316"
"2018-06-05 00:37:08";"https://www.amazon.com/";"727";"130";"699";"3454";"3196";"84";"8290"
"2018-06-05 00:37:12";"https://goo.gl/";"1360";"59";"435";"1172";"2001";"1";"5028"
"2018-06-05 00:37:24";"https://vimeo.com/";"450";"111";"251";"2430";"5395";"30";"8667"
"2018-06-05 00:37:25";"https://www.microsoft.com/";"1338";"165";"341";"2493";"1153";"19";"5509"
"2018-06-05 00:37:50";"https://www.flickr.com/";"977";"142";"305";"314";"8203";"29";"9970"
"2018-06-05 00:38:10";"https://www.yahoo.com/";"5329";"71";"652";"3508";"9108";"160";"18828"
"2018-06-05 00:38:13";"https://www.buydomains.com/";"2965";"341";"398";"1691";"7182";"135";"12712"
"2018-06-05 00:38:17";"https://www.godaddy.com/";"682";"465";"483";"950";"1077";"49";"3706"
"2018-06-05 00:38:27";"https://vk.com/";"790";"174";"679";"5564";"1078";"152";"8437"
"2018-06-05 00:38:31";"http://www.qq.com/";"6166";"59";"85";"6489";"13543";"2";"26344"
"2018-06-05 00:38:41";"https://www.w3.org/";"4187";"54";"1241";"574";"2639";"0";"8695"
"2018-06-05 00:38:50";"http://t.co/";"263";"87";"1149";"78";"79";"1";"1657"
"2018-06-05 00:38:51";"https://www.reddit.com/";"2405";"680";"5745";"1868";"15133";"25";"25856"
"2018-06-05 00:38:57";"http://baidu.com/";"22";"19";"1347";"40";"94";"0";"1522"
"2018-06-05 00:38:59";"https://www.nytimes.com/";"899";"46";"604";"11296";"8674";"39";"21558"
"2018-06-05 00:39:00";"http://www.baidu.com/";"448";"287";"235";"1935";"487";"15";"3407"
"2018-06-05 00:39:11";"http://europa.eu/";"31";"20";"761";"327";"2017";"4";"3160"
"2018-06-05 00:39:16";"https://www.gov.uk/";"1038";"41";"201";"897";"631";"1";"2809"
"2018-06-05 00:39:46";"http://statcounter.com/";"80";"377";"1499";"2791";"3593";"14";"8354"
"2018-06-05 00:39:47";"https://www.weebly.com/";"1374";"179";"113";"3406";"7914";"1";"12987"
"2018-06-05 00:39:50";"https://www.blogger.com/";"3418";"35";"534";"1207";"600";"0";"5794"
"2018-06-05 00:40:03";"https://soundcloud.com/";"3015";"143";"675";"3766";"11919";"1";"19519"
"2018-06-05 00:40:04";"http://www.bbc.com/";"786";"61";"1141";"6473";"8501";"56";"17018"
"2018-06-05 00:40:10";"https://www.mozilla.org/";"3932";"81";"874";"1249";"2962";"11";"9109"
"2018-06-05 00:40:12";"https://github.com/";"1419";"190";"1021";"5617";"1686";"2";"9935"
"2018-06-05 00:40:16";"https://www.google.de/";"3890";"90";"787";"483";"2107";"73";"7430"
"2018-06-05 00:40:35";"https://myspace.com/";"1505";"169";"809";"5672";"14272";"171";"22598"
"2018-06-05 00:40:39";"https://yandex.ru/";"1856";"356";"2179";"5682";"745";"3";"10821"
"2018-06-05 00:40:41";"https://www.jimdo.com/";"1803";"156";"789";"2402";"5167";"43";"10360"
"2018-06-05 00:41:01";"https://www.bluehost.com/";"7161";"433";"287";"3090";"1243";"24";"12238"
"2018-06-05 00:41:04";"https://wordpress.com/";"10357";"47";"129";"258";"6566";"192";"17549"
"2018-06-05 00:41:12";"https://www.addthis.com/";"1164";"16";"353";"1304";"4225";"253";"7315"
"2018-06-05 00:41:33";"https://www.google.co.jp/";"1842";"100";"1068";"1111";"3742";"59";"7922"
"2018-06-05 00:41:37";"https://www.theguardian.com/";"3964";"113";"649";"6120";"23113";"35";"33994"
"2018-06-05 00:41:42";"http://en.gravatar.com/";"1724";"187";"1130";"3763";"835";"1";"7640"
"2018-06-05 00:41:43";"https://www.nih.gov/";"6535";"77";"1585";"2727";"3577";"4";"14505"
"2018-06-05 00:41:44";"http://ascii.co.uk/";"239";"106";"2048";"1996";"6163";"65";"10617"
"2018-06-05 00:41:46";"https://www.wix.com/";"1979";"307";"6275";"1317";"8134";"57";"18069"
"2018-06-05 00:41:56";"https://www.paypal.com/";"1827";"264";"1106";"1064";"989";"77";"5327"
"2018-06-05 00:42:01";"https://outlook.live.com/";"2484";"102";"615";"3613";"817";"0";"7631"
"2018-06-05 00:42:24";"https://www.elegantthemes.com/";"1694";"305";"411";"1448";"2290";"5";"6153"
"2018-06-05 00:42:28";"https://www.cnn.com/";"2904";"46";"357";"5577";"31538";"203";"40625"
"2018-06-05 00:43:02";"https://www.123-reg.co.uk/";"1094";"13";"539";"603";"3576";"553";"6378"
"2018-06-05 00:43:07";"https://www.tripadvisor.com/";"2026";"699";"305";"459";"3507";"16";"7012"
"2018-06-05 00:43:33";"http://www.stumbleupon.com/";"3467";"88";"365";"1173";"471";"2";"5566"
"2018-06-05 00:43:33";"https://issuu.com/";"2415";"102";"1025";"3853";"8042";"36";"15473"
"2018-06-05 00:43:39";"https://www.stumbleupon.com/";"111";"86";"102";"459";"2351";"203";"3312"
"2018-06-05 00:43:40";"https://www.huffingtonpost.com/";"1104";"38";"662";"3756";"21604";"98";"27262"
"2018-06-05 00:44:03";"http://digg.com/";"110";"191";"1883";"6058";"6370";"306";"14918"
"2018-06-05 00:44:10";"https://creativecommons.org/";"2286";"126";"804";"3107";"5518";"27";"11868"
"2018-06-05 00:44:21";"https://www.google.co.uk/";"6487";"175";"1204";"587";"4818";"111";"13382"
"2018-06-05 00:44:26";"https://www.parallels.com/";"8975";"273";"762";"1768";"10085";"48";"21911"
"2018-06-05 00:44:26";"https://www.dropbox.com/";"5212";"331";"1166";"721";"8984";"53";"16467"
"2018-06-05 00:44:35";"https://aws.amazon.com/";"2099";"284";"1733";"13003";"2413";"7";"19539"
"2018-06-05 00:44:37";"https://www.imdb.com/";"5826";"484";"6549";"7565";"14258";"25";"34707"
"2018-06-05 00:44:39";"https://www.yelp.com/";"5102";"433";"988";"10325";"14692";"2";"31542"
"2018-06-05 00:44:54";"https://www.addtoany.com/";"7007";"46";"1829";"907";"13507";"2";"23298"
"2018-06-05 00:44:57";"https://www.opera.com/";"7368";"302";"363";"564";"243";"318";"9158"
"2018-06-05 00:45:03";"https://www.e-recht24.de/";"9544";"522";"450";"1199";"1320";"119";"13154"
"2018-06-05 00:45:09";"https://www.forbes.com/";"11296";"92";"1955";"6348";"21308";"81";"41080"
"2018-06-05 00:45:32";"https://www.etsy.com/";"3662";"323";"1048";"5958";"4166";"1";"15158"
"2018-06-05 00:45:32";"https://www.washingtonpost.com/";"2698";"75";"835";"7190";"17841";"712";"29351"
"2018-06-05 00:45:45";"https://archive.org/";"2342";"264";"708";"1240";"2126";"14";"6694"
"2018-06-05 00:45:53";"https://www.eventbrite.com/";"5592";"420";"297";"6216";"4515";"137";"17177"
"2018-06-05 00:45:53";"https://cpanel.com/";"4588";"59";"537";"452";"901";"6";"6543"
"2018-06-05 00:45:58";"https://www.xing.com/";"2499";"554";"683";"1268";"2196";"1";"7201"
"2018-06-05 00:46:28";"https://fc2.com/";"2213";"460";"2117";"1825";"3030";"63";"9708"
"2018-06-05 00:46:31";"https://www.ebay.com/";"3702";"401";"3072";"4727";"942";"33";"12877"
"2018-06-05 00:46:36";"https://ameblo.jp/";"4980";"210";"4206";"4569";"8613";"1";"22579"
"2018-06-05 00:46:44";"http://www.free.fr/";"8154";"139";"7974";"1863";"967";"0";"19097"
"2018-06-05 00:46:45";"https://www.amazon.co.uk/";"6500";"584";"3219";"3799";"22380";"17";"36499"
"2018-06-05 00:46:47";"https://sourceforge.net/";"2479";"266";"8397";"5484";"29729";"104";"46459"
"2018-06-05 00:46:49";"https://www.bing.com/";"12182";"405";"2501";"431";"87";"12";"15618"
"2018-06-05 00:46:56";"https://cpanel.com/";"7652";"23";"1838";"2021";"7915";"5";"19454"
"2018-06-05 00:46:58";"https://www.telegraph.co.uk/";"8472";"226";"4639";"8154";"34678";"232";"56401"
"2018-06-05 00:47:29";"https://www.reuters.com/";"6680";"769";"2642";"16484";"22816";"190";"49581"
"2018-06-05 00:47:37";"https://www.livejournal.com/";"7585";"277";"2925";"8140";"38089";"204";"57220"
"2018-06-05 00:48:07";"https://www.wikimedia.org/";"7738";"4";"1328";"176";"2006";"0";"11252"
"2018-06-05 00:48:07";"http://www.typepad.com/";"2587";"81";"552";"1539";"1832";"34";"6625"
"2018-06-05 00:48:08";"https://weibo.com/";"7149";"1241";"1088";"6846";"35837";"19";"52180"
"2018-06-05 00:48:20";"https://www.aol.com/";"4919";"264";"1335";"5820";"10437";"349";"23124"
