"2018-06-05 11:11:45";"https://www.facebook.com/";"2401";"2579";"123";"748";"1674";"38";"7563"
"2018-06-05 11:11:52";"https://twitter.com/";"252";"157";"203";"679";"1333";"1";"2625"
"2018-06-05 11:11:53";"https://www.google.com/";"485";"106";"296";"702";"1335";"41";"2965"
"2018-06-05 11:12:00";"https://www.youtube.com/";"327";"67";"510";"1463";"313";"12";"2692"
"2018-06-05 11:12:17";"https://www.linkedin.com/";"276";"4241";"230";"2498";"999";"280";"8524"
"2018-06-05 11:12:22";"https://wordpress.org/";"447";"26";"407";"1519";"5325";"1";"7725"
"2018-06-05 11:12:24";"https://www.instagram.com/";"1470";"192";"231";"2515";"553";"3";"4964"
"2018-06-05 11:12:28";"https://www.pinterest.com/";"798";"162";"108";"614";"5587";"134";"7403"
"2018-06-05 11:12:35";"https://www.wikipedia.org/";"844";"40";"389";"2704";"192";"1";"4170"
"2018-06-05 11:12:38";"https://www.blogger.com/";"994";"42";"514";"1637";"530";"0";"3717"
"2018-06-05 11:12:41";"https://wordpress.com/";"763";"48";"837";"3125";"2420";"450";"7643"
"2018-06-05 11:12:59";"https://www.adobe.com/";"376";"1";"350";"5935";"8073";"294";"15029"
"2018-06-05 11:13:18";"https://www.apple.com/";"3257";"113";"347";"7064";"793";"85";"11659"
"2018-06-05 11:13:22";"https://www.tumblr.com/";"2718";"188";"447";"10461";"1159";"23";"14996"
"2018-06-05 11:13:23";"https://www.youtube.com/";"1376";"142";"529";"6410";"288";"10";"8755"
"2018-06-05 11:13:40";"https://goo.gl/";"816";"60";"580";"1661";"2407";"1";"5525"
"2018-06-05 11:13:49";"https://www.amazon.com/";"926";"166";"624";"3937";"15786";"17";"21456"
"2018-06-05 11:13:57";"https://www.microsoft.com/";"1840";"336";"575";"4194";"877";"39";"7861"
"2018-06-05 11:14:01";"https://vimeo.com/";"863";"112";"769";"3430";"10749";"32";"15955"
"2018-06-05 11:14:23";"https://www.flickr.com/";"1020";"131";"398";"390";"12292";"53";"14284"
"2018-06-05 11:14:44";"https://www.buydomains.com/";"2509";"273";"1872";"2799";"10339";"87";"17879"
"2018-06-05 11:14:46";"https://www.godaddy.com/";"1890";"186";"1427";"903";"1434";"44";"5884"
"2018-06-05 11:14:52";"https://vk.com/";"998";"178";"795";"4248";"2979";"114";"9312"
"2018-06-05 11:15:04";"https://www.w3.org/";"2708";"184";"627";"3301";"504";"0";"7324"
"2018-06-05 11:15:12";"http://t.co/";"80";"49";"1823";"103";"283";"1";"2339"
"2018-06-05 11:15:14";"https://www.reddit.com/";"2942";"947";"4192";"3793";"13977";"15";"25866"
"2018-06-05 11:15:19";"http://baidu.com/";"21";"1";"1245";"4";"42";"0";"1313"
"2018-06-05 11:15:21";"http://www.baidu.com/";"331";"857";"233";"1024";"348";"7";"2800"
"2018-06-05 11:15:29";"https://www.nytimes.com/";"2187";"29";"937";"13659";"9615";"58";"26485"
"2018-06-05 11:15:33";"http://europa.eu/";"186";"172";"1295";"343";"2119";"2";"4117"
"2018-06-05 11:15:39";"https://www.gov.uk/";"1069";"1";"414";"1138";"815";"12";"3449"
"2018-06-05 11:16:06";"http://statcounter.com/";"68";"283";"1989";"3834";"2131";"2";"8307"
"2018-06-05 11:16:06";"https://www.weebly.com/";"1318";"136";"281";"3767";"7195";"2";"12699"
"2018-06-05 11:16:10";"https://www.blogger.com/";"2950";"33";"639";"1644";"655";"0";"5921"
"2018-06-05 11:16:23";"https://soundcloud.com/";"3259";"750";"1175";"3400";"12736";"3";"21323"
"2018-06-05 11:16:29";"https://www.mozilla.org/";"4760";"26";"820";"1231";"2237";"3";"9077"
"2018-06-05 11:16:31";"http://www.bbc.com/";"985";"93";"991";"10137";"11537";"37";"23780"
"2018-06-05 11:16:33";"https://github.com/";"1703";"102";"1111";"5391";"1947";"2";"10256"
"2018-06-05 11:16:35";"https://www.google.de/";"5248";"133";"873";"889";"3127";"49";"10319"
"2018-06-05 11:16:57";"https://www.jimdo.com/";"2047";"114";"653";"2059";"3485";"11";"8369"
"2018-06-05 11:17:01";"https://yandex.ru/";"5385";"332";"914";"5656";"3324";"12";"15623"
"2018-06-05 11:17:07";"https://myspace.com/";"1930";"130";"799";"6721";"25885";"97";"35562"
"2018-06-05 11:17:12";"https://wordpress.com/";"4041";"48";"609";"886";"4330";"382";"10296"
"2018-06-05 11:17:14";"https://www.bluehost.com/";"1621";"1935";"367";"3988";"1202";"10";"9123"
"2018-06-05 11:17:26";"https://www.addthis.com/";"1405";"98";"427";"3265";"1914";"2";"7111"
"2018-06-05 11:17:50";"https://www.theguardian.com/";"3718";"24";"621";"8232";"19430";"57";"32082"
"2018-06-05 11:17:51";"https://www.google.co.jp/";"3601";"102";"6035";"480";"4032";"74";"14324"
"2018-06-05 11:17:56";"http://en.gravatar.com/";"2243";"179";"1526";"3818";"1351";"0";"9117"
"2018-06-05 11:17:58";"https://www.nih.gov/";"5480";"57";"1403";"3263";"3754";"3";"13960"
"2018-06-05 11:17:59";"https://www.wix.com/";"2763";"113";"5654";"1686";"7380";"6";"17602"
"2018-06-05 11:18:03";"http://ascii.co.uk/";"336";"113";"2776";"2055";"8900";"47";"14227"
"2018-06-05 11:18:12";"https://www.paypal.com/";"4226";"324";"882";"1063";"2235";"11";"8741"
"2018-06-05 11:18:12";"https://outlook.live.com/";"1652";"91";"719";"4105";"765";"0";"7332"
"2018-06-05 11:18:34";"https://www.elegantthemes.com/";"1726";"86";"681";"1399";"2791";"1";"6684"
"2018-06-05 11:18:37";"https://www.cnn.com/";"4537";"70";"2154";"9558";"20385";"282";"36986"
"2018-06-05 11:19:16";"https://www.123-reg.co.uk/";"6262";"132";"352";"845";"4781";"1370";"13742"
"2018-06-05 11:19:17";"https://www.tripadvisor.com/";"1345";"306";"334";"918";"7685";"25";"10613"
"2018-06-05 11:19:35";"https://issuu.com/";"1304";"91";"941";"1072";"7641";"7";"11056"
"2018-06-05 11:19:40";"http://www.stumbleupon.com/";"2557";"139";"352";"900";"3371";"238";"7557"
"2018-06-05 11:19:45";"https://www.stumbleupon.com/";"21";"88";"580";"1076";"3219";"267";"5251"
"2018-06-05 11:19:52";"https://www.huffingtonpost.com/";"1906";"24";"1882";"4980";"22681";"11";"31484"
"2018-06-05 11:20:20";"http://digg.com/";"107";"175";"1503";"7493";"19681";"158";"29117"
"2018-06-05 11:20:28";"https://creativecommons.org/";"2969";"0";"7430";"7249";"8706";"3";"26357"
"2018-06-05 11:20:42";"https://www.parallels.com/";"9923";"217";"2421";"966";"10735";"26";"24288"
"2018-06-05 11:20:42";"https://www.google.co.uk/";"8626";"193";"2024";"1754";"8649";"150";"21396"
"2018-06-05 11:20:52";"https://www.dropbox.com/";"7188";"151";"779";"913";"19220";"13";"28264"
"2018-06-05 11:20:56";"https://aws.amazon.com/";"4157";"0";"928";"12910";"13323";"12";"31330"
"2018-06-05 11:21:12";"https://www.addtoany.com/";"19791";"91";"1706";"265";"12329";"1";"34183"
"2018-06-05 11:21:17";"https://www.opera.com/";"5633";"0";"4206";"366";"12897";"32";"23134"
"2018-06-05 11:21:26";"https://www.e-recht24.de/";"16974";"637";"788";"4619";"5466";"461";"28945"
"2018-06-05 11:21:28";"http://go.com/";"121";"34";"7505";"16783";"12522";"11";"36976"
"2018-06-05 11:21:43";"https://www.msn.com/";"17720";"19240";"7293";"7437";"908";"42";"52640"
"2018-06-05 11:21:49";"https://www.etsy.com/";"8676";"278";"1975";"9973";"5025";"0";"25927"
"2018-06-05 11:22:13";"https://archive.org/";"6213";"225";"5032";"2907";"4287";"111";"18775"
"2018-06-05 11:22:14";"https://cpanel.com/";"7260";"65";"4026";"1194";"3915";"4";"16464"
"2018-06-05 11:22:44";"https://www.xing.com/";"2944";"685";"4062";"13505";"25890";"2";"47088"
"2018-06-05 11:22:55";"https://www.bing.com/";"14483";"505";"3269";"5048";"14";"2";"23321"
"2018-06-05 11:23:04";"https://www.ebay.com/";"12791";"134";"9693";"3376";"9823";"134";"35951"
"2018-06-05 11:23:23";"https://cpanel.com/";"10113";"517";"2958";"2645";"12524";"4";"28761"
"2018-06-05 11:23:41";"https://www.wikimedia.org/";"708";"123";"445";"357";"1198";"1";"2832"
"2018-06-05 11:23:49";"http://www.typepad.com/";"800";"196";"145";"1045";"945";"39";"3170"
"2018-06-05 11:24:02";"https://www.aol.com/";"805";"294";"325";"5361";"10622";"456";"17863"
"2018-06-05 11:24:12";"https://www.bloomberg.com/";"4462";"195";"428";"2639";"29625";"225";"37574"
