"2018-06-05 10:41:07";"https://www.facebook.com/";"5760";"194";"345";"599";"1383";"34";"8315"
"2018-06-05 10:41:14";"https://twitter.com/";"235";"144";"215";"980";"965";"9";"2548"
"2018-06-05 10:41:15";"https://www.google.com/";"306";"95";"273";"671";"1160";"36";"2541"
"2018-06-05 10:41:22";"https://www.youtube.com/";"287";"80";"537";"1269";"311";"14";"2498"
"2018-06-05 10:41:42";"https://www.linkedin.com/";"241";"5342";"226";"3939";"1137";"166";"11051"
"2018-06-05 10:41:43";"https://wordpress.org/";"330";"25";"329";"1428";"2866";"1";"4979"
"2018-06-05 10:41:45";"https://www.instagram.com/";"1179";"190";"275";"1012";"1145";"34";"3835"
"2018-06-05 10:41:50";"https://www.pinterest.com/";"963";"958";"48";"340";"2855";"112";"5276"
"2018-06-05 10:41:58";"https://www.wikipedia.org/";"447";"43";"288";"2941";"525";"0";"4244"
"2018-06-05 10:42:02";"https://www.blogger.com/";"953";"33";"299";"1687";"348";"1";"3321"
"2018-06-05 10:42:05";"https://wordpress.com/";"630";"46";"674";"3077";"1631";"357";"6415"
"2018-06-05 10:42:21";"https://www.adobe.com/";"371";"77";"337";"4710";"6351";"342";"12188"
"2018-06-05 10:42:41";"https://www.apple.com/";"498";"42";"664";"5319";"979";"25";"7527"
"2018-06-05 10:42:44";"https://www.tumblr.com/";"617";"145";"357";"8019";"1140";"19";"10297"
"2018-06-05 10:42:46";"https://www.youtube.com/";"891";"92";"579";"3181";"401";"27";"5171"
"2018-06-05 10:42:57";"https://www.amazon.com/";"542";"208";"208";"1868";"2300";"35";"5161"
"2018-06-05 10:43:02";"https://goo.gl/";"485";"172";"294";"616";"529";"1";"2097"
"2018-06-05 10:43:21";"https://vimeo.com/";"451";"487";"145";"2476";"4679";"85";"8323"
"2018-06-05 10:43:22";"https://www.microsoft.com/";"1400";"205";"277";"2629";"1439";"21";"5971"
"2018-06-05 10:43:46";"https://www.flickr.com/";"900";"105";"287";"346";"7197";"22";"8857"
"2018-06-05 10:44:02";"https://www.yahoo.com/";"575";"77";"1038";"1972";"10348";"95";"14105"
"2018-06-05 10:44:08";"https://www.buydomains.com/";"1740";"310";"791";"1182";"7625";"286";"11934"
"2018-06-05 10:44:16";"https://www.godaddy.com/";"1239";"230";"577";"571";"580";"32";"3229"
"2018-06-05 10:44:26";"https://vk.com/";"1560";"190";"1048";"5563";"1465";"223";"10049"
"2018-06-05 10:44:36";"https://www.w3.org/";"3923";"0";"992";"788";"1408";"0";"7111"
"2018-06-05 10:44:42";"https://www.reddit.com/";"1532";"1429";"1879";"2065";"14392";"22";"21319"
"2018-06-05 10:44:46";"http://t.co/";"113";"78";"1229";"142";"77";"1";"1640"
"2018-06-05 10:44:52";"http://baidu.com/";"38";"1";"1492";"36";"70";"2";"1639"
"2018-06-05 10:44:55";"http://www.baidu.com/";"420";"258";"303";"1290";"311";"7";"2589"
"2018-06-05 10:45:03";"https://www.nytimes.com/";"1721";"27";"475";"7580";"18616";"18";"28437"
"2018-06-05 10:45:08";"http://europa.eu/";"30";"1";"1188";"302";"2647";"2";"4170"
"2018-06-05 10:45:12";"https://www.gov.uk/";"864";"1";"238";"782";"658";"5";"2548"
"2018-06-05 10:45:43";"http://statcounter.com/";"103";"563";"1275";"2814";"3601";"1";"8357"
"2018-06-05 10:45:43";"https://www.weebly.com/";"1263";"177";"317";"3582";"7762";"1";"13102"
"2018-06-05 10:45:47";"https://www.blogger.com/";"3166";"32";"492";"1913";"539";"0";"6142"
"2018-06-05 10:45:55";"https://soundcloud.com/";"2607";"176";"657";"3377";"9850";"2";"16669"
"2018-06-05 10:46:08";"http://www.bbc.com/";"401";"46";"62";"7050";"6018";"73";"13650"
"2018-06-05 10:46:09";"https://www.mozilla.org/";"5929";"1";"858";"1288";"2268";"2";"10346"
"2018-06-05 10:46:11";"https://github.com/";"3081";"161";"1149";"5172";"1992";"8";"11563"
"2018-06-05 10:46:14";"https://www.google.de/";"4936";"146";"1645";"727";"2427";"95";"9976"
"2018-06-05 10:46:35";"https://yandex.ru/";"2519";"286";"2421";"5650";"798";"4";"11678"
"2018-06-05 10:46:38";"https://myspace.com/";"1258";"202";"820";"6511";"18597";"473";"27861"
"2018-06-05 10:46:41";"https://www.jimdo.com/";"2120";"136";"548";"6186";"5871";"23";"14884"
"2018-06-05 10:46:52";"https://wordpress.com/";"2600";"48";"505";"543";"4026";"395";"8117"
"2018-06-05 10:46:53";"https://www.bluehost.com/";"1292";"426";"837";"3787";"1069";"15";"7426"
"2018-06-05 10:47:10";"https://www.addthis.com/";"2063";"0";"620";"1337";"4464";"279";"8763"
"2018-06-05 10:47:15";"https://www.theguardian.com/";"1754";"243";"329";"3081";"13494";"10";"18911"
"2018-06-05 10:47:26";"https://www.google.co.jp/";"1221";"91";"1981";"826";"2176";"27";"6322"
"2018-06-05 10:47:33";"https://www.nih.gov/";"2318";"41";"688";"1770";"2163";"22";"7002"
"2018-06-05 10:47:35";"https://www.wix.com/";"1962";"92";"2415";"3304";"4578";"276";"12627"
"2018-06-05 10:47:36";"http://en.gravatar.com/";"1525";"59";"418";"1470";"499";"0";"3971"
"2018-06-05 10:47:38";"http://ascii.co.uk/";"253";"112";"2544";"1838";"3560";"44";"8351"
"2018-06-05 10:47:53";"https://www.paypal.com/";"2357";"303";"2250";"534";"1382";"11";"6837"
"2018-06-05 10:47:57";"https://outlook.live.com/";"1461";"130";"1565";"2952";"1817";"0";"7925"
"2018-06-05 10:48:19";"https://www.elegantthemes.com/";"1832";"59";"522";"776";"2411";"2";"5602"
"2018-06-05 10:48:25";"https://www.cnn.com/";"2984";"44";"833";"9354";"27224";"311";"40750"
"2018-06-05 10:48:58";"https://www.123-reg.co.uk/";"1394";"134";"260";"569";"4066";"519";"6942"
"2018-06-05 10:49:04";"https://www.tripadvisor.com/";"2105";"291";"349";"652";"4105";"20";"7522"
"2018-06-05 10:49:29";"https://issuu.com/";"2299";"96";"1191";"3230";"7946";"16";"14778"
"2018-06-05 10:49:30";"http://www.stumbleupon.com/";"3942";"416";"630";"1262";"389";"1";"6640"
"2018-06-05 10:49:35";"https://www.huffingtonpost.com/";"1203";"26";"819";"3634";"20184";"74";"25940"
"2018-06-05 10:49:38";"https://www.stumbleupon.com/";"9";"92";"463";"1454";"2312";"192";"4522"
"2018-06-05 10:50:02";"http://digg.com/";"103";"638";"965";"6471";"7288";"126";"15591"
"2018-06-05 10:50:08";"https://creativecommons.org/";"2686";"13";"1043";"4002";"4831";"2";"12577"
"2018-06-05 10:50:18";"https://www.google.co.uk/";"7000";"140";"860";"230";"5000";"442";"13672"
"2018-06-05 10:50:26";"https://www.parallels.com/";"9127";"224";"1360";"1199";"9614";"111";"21635"
"2018-06-05 10:50:26";"https://www.dropbox.com/";"4923";"223";"1999";"499";"7952";"125";"15721"
"2018-06-05 10:50:44";"https://aws.amazon.com/";"2275";"275";"1482";"16557";"7575";"5";"28169"
"2018-06-05 10:50:50";"https://www.imdb.com/";"5950";"636";"7034";"10522";"22821";"26";"46989"
"2018-06-05 10:51:11";"https://www.opera.com/";"6058";"313";"3158";"2204";"11303";"541";"23577"
"2018-06-05 10:51:24";"https://www.e-recht24.de/";"6151";"472";"7913";"14307";"3607";"1000";"33450"
"2018-06-05 10:51:48";"https://www.etsy.com/";"8822";"386";"3626";"10943";"6649";"0";"30426"
"2018-06-05 10:52:01";"https://cpanel.com/";"6901";"58";"1255";"1649";"3268";"4";"13135"
"2018-06-05 10:52:11";"https://archive.org/";"5897";"250";"4438";"3698";"4469";"54";"18806"
"2018-06-05 10:52:44";"https://ameblo.jp/";"10842";"202";"6482";"3687";"275";"0";"21488"
"2018-06-05 10:52:46";"https://www.ebay.com/";"8175";"142";"6812";"12076";"509";"84";"27798"
"2018-06-05 10:52:51";"https://www.bing.com/";"19524";"99";"2575";"1909";"450";"1";"24558"
"2018-06-05 10:52:56";"https://fc2.com/";"5894";"106";"14153";"2413";"14456";"16";"37038"
"2018-06-05 10:53:06";"https://cpanel.com/";"11032";"168";"3759";"1697";"12963";"6";"29625"
"2018-06-05 10:53:10";"http://www.free.fr/";"6683";"283";"15883";"8454";"13323";"0";"44626"
"2018-06-05 10:53:39";"https://www.reuters.com/";"11813";"409";"4211";"12638";"32560";"94";"61725"
"2018-06-05 10:54:07";"http://www.typepad.com/";"2708";"159";"792";"2149";"1969";"0";"7777"
"2018-06-05 10:54:09";"https://www.wikimedia.org/";"9613";"14";"2721";"1203";"2497";"1";"16049"
"2018-06-05 10:54:13";"https://www.bloomberg.com/";"4113";"515";"1115";"1987";"41515";"171";"49416"
"2018-06-05 10:54:48";"https://www.aol.com/";"5362";"332";"1639";"6416";"35230";"1102";"50081"
