2018-05-28 18:26:24,https://www.facebook.com/,2348,305,404,1060,1143,34,5294
2018-05-28 18:26:31,https://www.google.com/,214,106,120,394,854,16,1704
2018-05-28 18:26:35,https://twitter.com/,5229,110,102,811,654,0,6906
2018-05-28 18:26:40,https://www.youtube.com/,598,98,547,1609,846,18,3716
2018-05-28 18:26:47,https://www.linkedin.com/,268,212,137,1348,310,106,2381
2018-05-28 18:26:52,https://wordpress.org/,277,71,243,863,1598,0,3052
2018-05-28 18:26:58,https://www.instagram.com/,576,517,517,2634,337,30,4611
2018-05-28 18:27:03,https://www.pinterest.com/,425,318,304,920,6319,259,8545
2018-05-28 18:27:11,https://www.wikipedia.org/,862,36,636,710,2403,0,4647
2018-05-28 18:27:12,https://www.blogger.com/,1453,32,309,1783,401,0,3978
2018-05-28 18:27:16,https://wordpress.com/,545,99,949,420,5119,464,7596
2018-05-28 18:27:29,https://www.adobe.com/,486,0,361,6273,6416,384,13920
2018-05-28 18:27:43,https://www.apple.com/,929,30,441,6406,168,65,8039
2018-05-28 18:27:48,https://www.tumblr.com/,919,82,410,10004,269,20,11704
2018-05-28 18:27:51,https://www.youtube.com/,1173,63,1090,8524,709,2,11561
2018-05-28 18:28:03,https://www.amazon.com/,887,234,702,5461,4861,13,12158
2018-05-28 18:28:04,https://goo.gl/,882,57,512,1550,2229,0,5230
2018-05-28 18:28:14,https://www.microsoft.com/,1040,290,408,2342,2127,46,6253
2018-05-28 18:28:22,https://vimeo.com/,888,106,960,4218,9269,12,15453
2018-05-28 18:28:35,https://www.flickr.com/,780,104,414,366,7624,106,9394
2018-05-28 18:28:57,https://www.yahoo.com/,1362,79,1246,5243,13823,39,21792
2018-05-28 18:29:00,https://www.godaddy.com/,2711,267,2362,762,806,16,6924
2018-05-28 18:29:00,https://www.buydomains.com/,3498,758,354,2507,11363,29,18509
2018-05-28 18:29:11,https://vk.com/,2144,203,2651,4325,5251,206,14780
2018-05-28 18:29:12,http://www.qq.com/,5464,177,735,5133,16625,2,28136
2018-05-28 18:29:16,https://www.w3.org/,3774,79,2135,643,3131,0,9762
2018-05-28 18:29:24,http://t.co/,180,98,2864,111,518,0,3771
2018-05-28 18:29:26,http://baidu.com/,25,1,1967,43,127,0,2163
2018-05-28 18:29:32,https://www.reddit.com/,1958,1033,5056,2018,22327,80,32472
2018-05-28 18:29:32,https://www.baidu.com/,1208,310,270,2398,361,26,4573
2018-05-28 18:29:38,https://www.nytimes.com/,1571,208,1459,11865,12592,10,27705
2018-05-28 18:29:39,http://europa.eu/,12,1,2007,406,1636,3,4065
2018-05-28 18:29:41,https://www.gov.uk/,1394,412,262,823,849,1,3741
2018-05-28 18:30:06,http://statcounter.com/,77,521,2849,2835,2588,0,8870
2018-05-28 18:30:07,https://www.weebly.com/,1441,148,310,4218,8069,2,14188
2018-05-28 18:30:11,https://www.blogger.com/,4338,151,582,1916,552,0,7539
2018-05-28 18:30:29,https://www.google.de/,2060,327,1269,1583,3263,183,8685
2018-05-28 18:30:29,https://www.mozilla.org/,701,3,380,3676,1697,2,6459
2018-05-28 18:30:29,https://soundcloud.com/,2354,150,774,4053,20311,1,27643
2018-05-28 18:30:30,https://github.com/,1990,125,1608,7609,1763,2,13097
2018-05-28 18:30:35,http://www.bbc.com/,4166,29,1256,9593,4189,87,19320
2018-05-28 18:30:53,https://yandex.ru/,1807,333,1646,8509,2716,7,15018
2018-05-28 18:30:55,https://www.jimdo.com/,1354,354,842,1405,11743,1,15699
2018-05-28 18:30:57,https://myspace.com/,2827,160,1376,10251,16565,98,31277
2018-05-28 18:31:06,https://www.bluehost.com/,2034,891,679,3403,3583,13,10603
2018-05-28 18:31:08,https://wordpress.com/,4201,47,890,435,10706,227,16506
2018-05-28 18:31:14,https://www.addthis.com/,1530,56,619,1263,5505,278,9251
2018-05-28 18:31:34,http://en.gravatar.com/,1448,99,865,2326,1352,1,6091
2018-05-28 18:31:35,https://www.google.co.jp/,4965,107,5063,982,4327,133,15577
2018-05-28 18:31:39,https://www.nih.gov/,4591,59,1039,3333,3100,8,12130
2018-05-28 18:31:43,https://www.wix.com/,5263,184,2815,4509,5447,36,18254
2018-05-28 18:31:46,http://ascii.co.uk/,184,106,2229,2147,10951,19,15636
2018-05-28 18:31:52,https://outlook.live.com/,1487,76,735,3766,1167,1,7232
2018-05-28 18:31:52,https://www.paypal.com/,4423,425,895,818,2365,36,8962
2018-05-28 18:32:08,https://www.elegantthemes.com/,2565,66,398,594,2523,1,6147
2018-05-28 18:32:13,https://www.cnn.com/,5093,47,621,9174,17212,221,32368
2018-05-28 18:32:39,https://www.123-reg.co.uk/,1203,7,798,729,3878,621,7236
2018-05-28 18:32:49,https://www.tripadvisor.com/,2475,318,689,687,7586,78,11833
2018-05-28 18:33:00,https://issuu.com/,1487,122,824,1652,6557,2,10644
2018-05-28 18:33:05,http://www.stumbleupon.com/,3819,79,581,1085,3413,296,9273
2018-05-28 18:33:10,https://www.stumbleupon.com/,64,88,431,772,1896,275,3526
2018-05-28 18:33:18,https://www.huffingtonpost.com/,2053,92,1764,5939,20223,23,30094
2018-05-28 18:33:40,https://creativecommons.org/,2614,0,1021,6366,13323,2,23326
2018-05-28 18:33:40,http://digg.com/,247,185,2435,8161,16194,109,27331
2018-05-28 18:34:02,https://www.google.co.uk/,7997,92,1614,1298,10156,16,21173
2018-05-28 18:34:07,https://aws.amazon.com/,3616,1,1691,12003,5092,10,22413
2018-05-28 18:34:09,https://www.parallels.com/,9008,212,1884,3439,22427,3,36973
2018-05-28 18:34:09,https://www.dropbox.com/,6302,199,7436,235,19506,9,33687
2018-05-28 18:34:23,https://www.imdb.com/,6880,289,5215,7168,27614,352,47518
2018-05-28 18:34:31,https://www.e-recht24.de/,5653,705,2621,3333,3698,164,16174
2018-05-28 18:34:31,https://www.addtoany.com/,18439,66,1962,1463,10930,2,32862
2018-05-28 18:34:37,https://www.opera.com/,5762,519,2819,2450,18005,195,29750
2018-05-28 18:34:49,https://www.etsy.com/,4632,271,2441,8810,2041,1,18196
2018-05-28 18:34:58,https://archive.org/,4416,208,5481,1827,3299,126,15357
2018-05-28 18:34:59,https://cpanel.com/,4802,55,1627,900,3476,20,10880
2018-05-28 18:35:23,https://www.xing.com/,2144,380,2168,5006,16895,1,26594
2018-05-28 18:35:23,https://www.eventbrite.com/,9890,473,2460,8807,17465,50,39145
2018-05-28 18:35:33,https://ameblo.jp/,9541,229,6516,4011,696,1,20994
2018-05-28 18:35:39,https://fc2.com/,5803,102,4341,2071,11235,2,23554
2018-05-28 18:35:40,https://www.ebay.com/,7570,152,12600,4209,1643,101,26275
2018-05-28 18:35:46,https://www.bing.com/,13134,505,4054,6320,828,2,24843
2018-05-28 18:35:48,http://www.free.fr/,6555,259,8537,4703,10989,1,31044
2018-05-28 18:35:57,https://cpanel.com/,8705,307,3651,1420,11660,7,25750
2018-05-28 18:35:58,https://www.amazon.co.uk/,14101,206,10669,5598,10865,15,41454
2018-05-28 18:36:05,https://www.reuters.com/,8421,434,3396,19548,5532,14,37345
2018-05-28 18:36:19,https://www.livejournal.com/,6612,331,4060,9709,29026,35,49773
2018-05-28 18:36:46,https://www.bloomberg.com/,2262,97,1301,1092,29593,72,34417
2018-05-28 18:36:51,http://www.typepad.com/,5634,450,1288,3643,3650,9,14674
2018-05-28 18:36:52,https://www.wikimedia.org/,3961,257,2196,180,6526,1,13121
2018-05-28 18:36:54,http://www.dailymail.co.uk/,6479,214,1274,10810,28092,240,47109
2018-05-28 18:37:28,https://www.aol.com/,7773,556,2096,8889,33980,974,54268
