2018-06-06 13:30:33,https://www.facebook.com/,2288,252,341,1181,1554,62,5678
2018-06-06 13:30:50,https://www.google.com/,303,3737,1769,62,4657,72,10600
2018-06-06 13:30:56,https://twitter.com/,6489,8643,322,1043,915,0,17412
2018-06-06 13:31:00,https://www.youtube.com/,2398,1802,95,2165,6312,39,12811
2018-06-06 13:31:07,https://www.linkedin.com/,442,349,204,4703,1249,286,7233
2018-06-06 13:31:13,https://wordpress.org/,789,48,478,1912,2810,0,6037
2018-06-06 13:31:16,https://www.instagram.com/,1090,201,304,3864,853,2,6314
2018-06-06 13:31:26,https://www.wikipedia.org/,1172,34,497,4444,243,1,6391
2018-06-06 13:31:27,https://www.pinterest.com/,1810,683,85,1208,11226,137,15149
2018-06-06 13:31:30,https://www.blogger.com/,1447,33,437,2312,501,0,4730
2018-06-06 13:31:32,https://wordpress.com/,1053,83,1155,463,4998,428,8180
2018-06-06 13:31:44,https://www.adobe.com/,506,111,251,5391,3509,358,10126
2018-06-06 13:32:05,https://www.apple.com/,841,48,416,6118,448,18,7889
2018-06-06 13:32:08,https://www.tumblr.com/,733,101,311,8333,1628,33,11139
2018-06-06 13:32:13,https://www.youtube.com/,1221,108,529,3705,3087,29,8679
2018-06-06 13:32:30,https://goo.gl/,885,68,541,1708,2081,0,5283
2018-06-06 13:32:37,https://www.amazon.com/,847,138,474,5043,13307,19,19828
2018-06-06 13:32:45,https://www.microsoft.com/,3076,324,430,2805,1584,28,8247
2018-06-06 13:32:50,https://vimeo.com/,1146,106,806,3302,10398,67,15825
2018-06-06 13:33:11,https://www.flickr.com/,816,126,370,408,10842,24,12586
2018-06-06 13:33:31,https://www.yahoo.com/,1029,79,1248,5190,13201,235,20982
2018-06-06 13:33:36,https://www.buydomains.com/,3878,272,723,2522,11897,20,19312
2018-06-06 13:33:38,https://www.godaddy.com/,2527,399,2295,959,1592,24,7796
2018-06-06 13:33:43,https://vk.com/,1718,201,1107,3731,2821,167,9745
2018-06-06 13:33:53,https://www.w3.org/,3933,168,458,2337,270,1,7167
2018-06-06 13:34:03,http://t.co/,199,75,2017,136,171,0,2598
2018-06-06 13:34:03,https://www.reddit.com/,2306,658,2979,4249,16755,9,26956
2018-06-06 13:34:08,http://baidu.com/,16,118,1087,52,59,5,1337
2018-06-06 13:34:11,http://www.baidu.com/,380,413,76,1485,481,16,2851
2018-06-06 13:34:22,http://europa.eu/,13,27,785,805,1693,3,3326
2018-06-06 13:34:26,https://www.nytimes.com/,1998,27,582,14573,17717,25,34922
2018-06-06 13:34:28,https://www.gov.uk/,1416,259,313,919,722,23,3652
2018-06-06 13:34:54,http://statcounter.com/,3305,349,58,2719,837,8,7276
2018-06-06 13:34:59,https://www.blogger.com/,4539,32,775,1682,803,1,7832
2018-06-06 13:35:05,https://www.weebly.com/,6837,150,2336,4130,7871,2,21326
2018-06-06 13:35:16,http://www.bbc.com/,988,25,306,6501,8024,109,15953
2018-06-06 13:35:19,https://soundcloud.com/,1699,507,2866,3789,19082,1,27944
2018-06-06 13:35:20,https://www.mozilla.org/,5170,92,3207,1512,1860,14,11855
2018-06-06 13:35:21,https://github.com/,1723,99,1031,4933,2644,2,10432
2018-06-06 13:35:25,https://www.google.de/,3693,106,2803,1388,3264,89,11343
2018-06-06 13:35:58,https://www.jimdo.com/,1514,215,689,1960,17100,5,21483
2018-06-06 13:36:05,https://www.bluehost.com/,4300,412,1064,3253,1388,42,10459
2018-06-06 13:36:05,https://wordpress.com/,4930,72,1073,3004,3139,492,12710
2018-06-06 13:36:14,https://www.addthis.com/,1450,18,402,1876,1707,2,5455
2018-06-06 13:36:41,https://www.google.co.jp/,5004,102,5344,762,3897,88,15197
2018-06-06 13:36:45,http://en.gravatar.com/,2326,88,867,3675,1753,0,8709
2018-06-06 13:36:48,https://www.nih.gov/,5117,43,3085,4143,2996,3,15387
2018-06-06 13:36:48,https://www.wix.com/,2945,122,5233,3925,6451,36,18712
2018-06-06 13:36:53,http://ascii.co.uk/,261,516,2437,1525,12006,16,16761
2018-06-06 13:37:00,https://www.paypal.com/,4106,281,1481,675,1687,31,8261
2018-06-06 13:37:01,https://outlook.live.com/,1658,72,533,3912,836,1,7012
2018-06-06 13:37:25,https://www.elegantthemes.com/,2694,90,460,1120,2974,3,7341
2018-06-06 13:37:29,https://www.cnn.com/,4796,88,1860,9157,24276,229,40406
2018-06-06 13:37:59,https://www.123-reg.co.uk/,1284,18,606,712,4775,551,7946
2018-06-06 13:38:06,https://www.tripadvisor.com/,2167,616,330,547,5369,49,9078
2018-06-06 13:38:31,https://issuu.com/,2577,90,1302,1404,12760,14,18147
2018-06-06 13:38:36,http://www.stumbleupon.com/,4359,82,545,1455,7466,246,14153
2018-06-06 13:38:41,https://www.huffingtonpost.com/,1513,33,824,4093,26312,21,32796
2018-06-06 13:38:44,https://www.stumbleupon.com/,220,105,3090,2035,1749,90,7289
2018-06-06 13:39:09,http://digg.com/,204,248,1417,6457,18754,145,27225
2018-06-06 13:39:11,https://creativecommons.org/,2857,20,2036,5329,15036,6,25284
2018-06-06 13:39:29,https://www.google.co.uk/,7784,116,1782,1076,8065,91,18914
2018-06-06 13:39:38,https://aws.amazon.com/,2963,225,1905,11864,5214,6,22177
2018-06-06 13:39:43,https://www.parallels.com/,9722,213,1879,1449,23891,4,37158
2018-06-06 13:39:43,https://www.dropbox.com/,5599,177,2208,837,22639,31,31491
2018-06-06 13:40:04,https://www.addtoany.com/,18732,41,1575,647,7081,1,28077
2018-06-06 13:40:06,https://www.msn.com/,14367,189,2228,7443,1183,51,25461
2018-06-06 13:40:13,https://www.opera.com/,5178,492,2812,2082,22093,3,32660
2018-06-06 13:40:37,https://www.etsy.com/,5788,394,2723,11708,4358,2,24973
2018-06-06 13:40:44,https://www.washingtonpost.com/,9793,166,3383,10932,12052,794,37120
2018-06-06 13:40:44,https://archive.org/,4574,622,5112,1297,2575,3,14183
2018-06-06 13:40:56,https://cpanel.com/,5870,75,6064,1185,3245,33,16472
2018-06-06 13:41:14,https://www.eventbrite.com/,12823,433,5837,7364,19574,33,46064
2018-06-06 13:41:17,https://www.xing.com/,4897,731,1026,9438,16446,1,32539
2018-06-06 13:41:32,https://ameblo.jp/,10169,199,12318,4361,939,0,27986
2018-06-06 13:41:32,http://www.free.fr/,5907,173,7380,3721,677,0,17858
2018-06-06 13:41:32,https://www.ebay.com/,7529,156,11303,4400,543,69,24000
2018-06-06 13:41:39,https://www.bing.com/,11690,359,10879,3049,55,37,26069
2018-06-06 13:41:54,https://www.amazon.co.uk/,13308,195,8702,12785,11255,55,46300
2018-06-06 13:42:11,https://www.livejournal.com/,7601,456,2521,7990,24514,64,43146
