"2018-06-25 10:17:21";"https://www.facebook.com/";"2292";"352";"120";"993";"2574";"74";"6405"
"2018-06-25 10:17:27";"https://twitter.com/";"347";"118";"49";"853";"924";"3";"2294"
"2018-06-25 10:17:28";"https://www.google.com/";"452";"99";"56";"721";"885";"22";"2235"
"2018-06-25 10:17:34";"https://www.youtube.com/";"343";"96";"1506";"691";"144";"2";"2782"
"2018-06-25 10:17:43";"https://www.linkedin.com/";"309";"596";"30";"491";"1155";"123";"2704"
"2018-06-25 10:17:48";"https://wordpress.org/";"413";"81";"46";"375";"2093";"0";"3008"
"2018-06-25 10:17:52";"https://www.instagram.com/";"557";"198";"31";"1343";"1115";"11";"3255"
"2018-06-25 10:17:56";"https://www.pinterest.com/";"865";"234";"44";"1346";"3541";"212";"6242"
"2018-06-25 10:18:04";"https://www.wikipedia.org/";"724";"38";"172";"3443";"217";"0";"4594"
"2018-06-25 10:18:06";"https://www.blogger.com/";"1163";"33";"44";"1300";"371";"0";"2911"
"2018-06-25 10:18:12";"https://wordpress.com/";"877";"47";"721";"2422";"5927";"481";"10475"
"2018-06-25 10:18:17";"https://www.adobe.com/";"602";"43";"106";"4262";"2021";"129";"7163"
"2018-06-25 10:18:44";"https://www.apple.com/";"8362";"175";"458";"4784";"329";"5";"14113"
"2018-06-25 10:18:49";"https://www.tumblr.com/";"8016";"101";"421";"9010";"836";"15";"18399"
"2018-06-25 10:18:50";"https://www.youtube.com/";"8855";"86";"807";"6672";"130";"2";"16552"
"2018-06-25 10:19:00";"https://goo.gl/";"1823";"59";"208";"1558";"2260";"1";"5909"
"2018-06-25 10:19:01";"https://www.amazon.com/";"1458";"122";"339";"4760";"6569";"12";"13260"
"2018-06-25 10:19:10";"https://www.microsoft.com/";"1766";"365";"49";"2105";"1176";"42";"5503"
"2018-06-25 10:19:12";"https://vimeo.com/";"1195";"112";"127";"1976";"6614";"31";"10055"
"2018-06-25 10:19:28";"https://www.flickr.com/";"1059";"121";"61";"728";"6031";"74";"8074"
"2018-06-25 10:20:00";"https://www.godaddy.com/";"3492";"527";"4264";"864";"998";"35";"10180"
"2018-06-25 10:20:17";"https://vk.com/";"3084";"229";"3213";"6931";"9149";"82";"22688"
"2018-06-25 10:20:18";"http://t.co/";"266";"53";"1825";"4";"349";"1";"2498"
"2018-06-25 10:20:19";"https://www.buydomains.com/";"5246";"296";"1625";"3164";"29034";"17";"39382"
"2018-06-25 10:20:20";"https://www.yahoo.com/";"1083";"71";"803";"6148";"42058";"196";"50359"
"2018-06-25 10:20:21";"https://www.w3.org/";"8566";"198";"3607";"1125";"4500";"0";"17996"
"2018-06-25 10:20:21";"http://www.qq.com/";"2102";"34";"1170";"8916";"28065";"2";"40289"
"2018-06-25 10:20:28";"http://baidu.com/";"158";"261";"3640";"4";"172";"1";"4236"
"2018-06-25 10:20:37";"http://www.baidu.com/";"2015";"335";"2032";"3289";"133";"4";"7808"
"2018-06-25 10:20:38";"http://europa.eu/";"29";"19";"1865";"686";"815";"2";"3416"
"2018-06-25 10:20:45";"https://www.reddit.com/";"6196";"987";"7029";"1186";"33143";"313";"48854"
"2018-06-25 10:20:45";"https://www.gov.uk/";"3478";"29";"511";"2985";"3076";"1";"10080"
"2018-06-25 10:20:46";"https://www.nytimes.com/";"3967";"217";"3608";"14294";"17098";"18";"39202"
"2018-06-25 10:21:05";"http://statcounter.com/";"87";"408";"1738";"5486";"4566";"1";"12286"
"2018-06-25 10:21:15";"https://www.blogger.com/";"5913";"109";"2285";"1865";"842";"1";"11015"
"2018-06-25 10:21:22";"https://www.weebly.com/";"2308";"156";"1959";"4248";"20910";"6";"29587"
"2018-06-25 10:21:29";"https://github.com/";"2276";"96";"2568";"3284";"4434";"2";"12660"
"2018-06-25 10:21:32";"https://www.mozilla.org/";"10754";"96";"3617";"2955";"1311";"25";"18758"
"2018-06-25 10:21:38";"https://www.google.de/";"5468";"107";"4062";"822";"7356";"22";"17837"
"2018-06-25 10:21:42";"https://soundcloud.com/";"3151";"224";"973";"6408";"32033";"1";"42790"
"2018-06-25 10:21:58";"http://www.bbc.com/";"2684";"67";"5695";"11061";"25755";"582";"45844"
"2018-06-25 10:22:03";"https://yandex.ru/";"3751";"906";"5267";"10893";"4187";"6";"25010"
"2018-06-25 10:22:10";"https://www.jimdo.com/";"1787";"116";"1170";"4045";"23421";"5";"30544"
"2018-06-25 10:22:13";"https://myspace.com/";"3223";"160";"2101";"12482";"30931";"323";"49220"
"2018-06-25 10:22:23";"https://www.addthis.com/";"4079";"150";"1868";"3120";"2854";"2";"12073"
"2018-06-25 10:22:24";"https://www.bluehost.com/";"3777";"370";"5624";"1461";"13198";"3";"24433"
"2018-06-25 10:22:38";"https://wordpress.com/";"8328";"47";"5989";"688";"28842";"94";"43988"
"2018-06-25 10:22:43";"https://www.google.co.jp/";"10552";"114";"4218";"1206";"5029";"63";"21182"
"2018-06-25 10:22:47";"http://en.gravatar.com/";"3070";"298";"4982";"2118";"347";"0";"10815"
"2018-06-25 10:22:48";"https://www.nih.gov/";"7069";"841";"9396";"1995";"1656";"58";"21015"
"2018-06-25 10:22:53";"https://www.wix.com/";"6537";"51";"2722";"9227";"9839";"2";"28378"
"2018-06-25 10:22:55";"http://ascii.co.uk/";"318";"189";"3743";"2920";"19751";"144";"27065"
"2018-06-25 10:22:59";"https://www.paypal.com/";"8384";"305";"1797";"1698";"2547";"86";"14817"
"2018-06-25 10:23:04";"https://outlook.live.com/";"4532";"118";"1561";"6427";"7157";"0";"19795"
"2018-06-25 10:23:04";"https://www.theguardian.com/";"10325";"23";"2315";"5476";"44389";"6";"62534"
"2018-06-25 10:23:09";"https://www.elegantthemes.com/";"3462";"56";"1038";"1276";"2486";"84";"8402"
"2018-06-25 10:23:42";"https://www.cnn.com/";"9440";"159";"1589";"10853";"38307";"379";"60727"
"2018-06-25 10:23:54";"https://www.123-reg.co.uk/";"3241";"194";"2998";"1008";"8338";"1418";"17197"
"2018-06-25 10:23:56";"https://www.tripadvisor.com/";"2808";"463";"1115";"3546";"10558";"4";"18494"
"2018-06-25 10:24:11";"http://www.stumbleupon.com/";"1972";"78";"434";"1896";"6740";"220";"11340"
"2018-06-25 10:24:21";"https://issuu.com/";"3862";"2598";"1645";"2673";"11489";"5";"22272"
"2018-06-25 10:24:32";"https://www.stumbleupon.com/";"5390";"83";"4982";"5632";"1846";"79";"18012"
"2018-06-25 10:25:16";"https://www.google.co.uk/";"15294";"112";"12819";"1324";"11805";"10";"41364"
"2018-06-25 10:25:29";"https://www.addtoany.com/";"13315";"203";"10963";"265";"11891";"2";"36639"
"2018-06-25 10:25:29";"https://www.msn.com/";"10865";"233";"10330";"6261";"2562";"62";"30313"
"2018-06-25 10:25:34";"https://creativecommons.org/";"5137";"17";"16208";"9078";"35562";"2";"66004"
"2018-06-25 10:25:35";"https://aws.amazon.com/";"11466";"203";"11103";"19140";"10636";"217";"52765"
"2018-06-25 10:25:36";"https://www.dropbox.com/";"20826";"263";"10698";"728";"24180";"7";"56702"
"2018-06-25 10:25:47";"https://www.e-recht24.de/";"13634";"442";"19742";"3761";"729";"171";"38479"
"2018-06-25 10:25:50";"https://www.parallels.com/";"16790";"219";"12715";"2568";"43850";"3";"76145"
"2018-06-25 10:25:50";"https://www.opera.com/";"11663";"400";"14317";"1943";"17654";"3";"45980"
"2018-06-25 10:26:31";"http://www.free.fr/";"3957";"73";"7";"3354";"993";"1";"8385"
"2018-06-25 10:27:04";"https://www.livejournal.com/";"3077";"389";"424";"6444";"26960";"97";"37391"
"2018-06-25 10:27:28";"https://weibo.com/";"3119";"1258";"1397";"4935";"22784";"16";"33509"
"2018-06-25 10:27:34";"https://www.reuters.com/";"2141";"284";"254";"8190";"56541";"531";"67941"
"2018-06-25 10:27:34";"https://www.wikimedia.org/";"3083";"416";"896";"124";"3184";"0";"7703"
"2018-06-25 10:27:51";"http://www.typepad.com/";"2882";"346";"840";"4954";"9042";"49";"18113"
