"2018-06-24 23:53:30";"https://www.facebook.com/";"2657";"514";"127";"950";"2307";"83";"6638"
"2018-06-24 23:53:38";"https://twitter.com/";"255";"244";"130";"660";"1087";"1";"2377"
"2018-06-24 23:53:39";"https://www.google.com/";"632";"88";"67";"654";"1019";"51";"2511"
"2018-06-24 23:53:46";"https://www.youtube.com/";"416";"120";"1541";"559";"143";"2";"2781"
"2018-06-24 23:53:56";"https://www.linkedin.com/";"295";"227";"105";"1228";"270";"124";"2249"
"2018-06-24 23:54:02";"https://wordpress.org/";"291";"58";"50";"454";"1559";"1";"2413"
"2018-06-24 23:54:08";"https://www.instagram.com/";"1921";"194";"166";"2811";"631";"17";"5740"
"2018-06-24 23:54:12";"https://www.pinterest.com/";"678";"252";"172";"549";"5897";"171";"7719"
"2018-06-24 23:54:19";"https://www.wikipedia.org/";"618";"36";"69";"2397";"99";"0";"3219"
"2018-06-24 23:54:24";"https://wordpress.com/";"934";"61";"231";"1744";"3085";"350";"6405"
"2018-06-24 23:54:24";"https://www.blogger.com/";"1831";"61";"480";"1256";"583";"1";"4212"
"2018-06-24 23:54:35";"https://www.adobe.com/";"448";"14";"114";"2850";"3609";"455";"7490"
"2018-06-24 23:54:59";"https://www.apple.com/";"566";"33";"775";"4741";"1167";"9";"7291"
"2018-06-24 23:55:00";"https://www.tumblr.com/";"832";"99";"248";"4934";"1569";"20";"7702"
"2018-06-24 23:55:05";"https://www.youtube.com/";"553";"240";"1100";"2203";"421";"8";"4525"
"2018-06-24 23:55:18";"https://www.amazon.com/";"663";"119";"334";"2810";"1867";"18";"5811"
"2018-06-24 23:55:23";"https://goo.gl/";"921";"62";"140";"952";"667";"0";"2742"
"2018-06-24 23:55:37";"https://vimeo.com/";"697";"605";"212";"1484";"5007";"13";"8018"
"2018-06-24 23:55:39";"https://www.microsoft.com/";"1970";"167";"250";"1742";"458";"26";"4613"
"2018-06-24 23:55:59";"https://www.flickr.com/";"837";"93";"150";"358";"6432";"21";"7891"
"2018-06-24 23:56:23";"https://www.yahoo.com/";"1063";"83";"664";"2997";"14902";"37";"19746"
"2018-06-24 23:56:36";"https://www.godaddy.com/";"2227";"474";"2242";"1184";"1072";"38";"7237"
"2018-06-24 23:56:38";"https://www.buydomains.com/";"4931";"363";"982";"2615";"16315";"32";"25238"
"2018-06-24 23:56:45";"https://vk.com/";"2456";"181";"859";"4347";"5419";"72";"13334"
"2018-06-24 23:56:47";"http://www.qq.com/";"2417";"33";"388";"8150";"21094";"3";"32085"
"2018-06-24 23:56:51";"https://www.w3.org/";"3942";"250";"680";"674";"1358";"0";"6904"
"2018-06-24 23:57:06";"http://t.co/";"941";"274";"3261";"13";"14";"1";"4504"
"2018-06-24 23:57:07";"http://baidu.com/";"34";"1";"2069";"5";"99";"2";"2210"
"2018-06-24 23:57:09";"https://www.nytimes.com/";"2459";"62";"1090";"8817";"8046";"106";"20580"
"2018-06-24 23:57:11";"https://www.reddit.com/";"3591";"565";"1171";"715";"31487";"48";"37577"
"2018-06-24 23:57:12";"http://www.baidu.com/";"469";"316";"882";"2635";"656";"22";"4980"
"2018-06-24 23:57:21";"http://europa.eu/";"68";"2";"1405";"1486";"1630";"4";"4595"
"2018-06-24 23:57:25";"https://www.gov.uk/";"1423";"25";"305";"1074";"509";"1";"3337"
"2018-06-24 23:57:54";"http://statcounter.com/";"80";"329";"1650";"2951";"6625";"1";"11636"
"2018-06-24 23:57:55";"https://www.weebly.com/";"2008";"143";"1899";"2805";"7867";"2";"14724"
"2018-06-24 23:57:57";"https://www.blogger.com/";"4873";"49";"764";"1136";"903";"0";"7725"
"2018-06-24 23:58:16";"https://www.mozilla.org/";"6125";"54";"1746";"2673";"436";"14";"11048"
"2018-06-24 23:58:17";"https://github.com/";"2595";"149";"1935";"4926";"1802";"2";"11409"
"2018-06-24 23:58:18";"http://www.bbc.com/";"836";"40";"2049";"4203";"11057";"57";"18242"
"2018-06-24 23:58:19";"https://soundcloud.com/";"2136";"168";"3221";"3753";"21022";"1";"30301"
"2018-06-24 23:58:20";"https://www.google.de/";"3249";"98";"394";"352";"2612";"10";"6715"
"2018-06-24 23:59:01";"https://www.jimdo.com/";"3883";"94";"1531";"4011";"16455";"6";"25980"
"2018-06-24 23:59:15";"https://www.bluehost.com/";"3317";"432";"1075";"4105";"9981";"3";"18913"
"2018-06-24 23:59:18";"https://wordpress.com/";"7776";"48";"1594";"1010";"16859";"86";"27373"
"2018-06-24 23:59:25";"https://www.addthis.com/";"3060";"115";"1095";"1168";"6614";"280";"12332"
"2018-06-24 23:59:48";"http://en.gravatar.com/";"2434";"63";"770";"3641";"1483";"0";"8391"
"2018-06-24 23:59:48";"https://www.google.co.jp/";"9968";"87";"3098";"1220";"4203";"18";"18594"
"2018-06-24 23:59:51";"https://www.nih.gov/";"6845";"52";"1090";"3634";"3677";"7";"15305"
"2018-06-24 23:59:56";"https://www.theguardian.com/";"8317";"57";"1778";"5596";"30848";"7";"46603"
"2018-06-24 23:59:59";"https://www.wix.com/";"5404";"51";"4614";"3017";"16711";"3";"29800"
"2018-06-25 00:00:00";"http://ascii.co.uk/";"256";"225";"3598";"1608";"19446";"10";"25143"
"2018-06-25 00:00:04";"https://outlook.live.com/";"2350";"55";"1051";"4721";"1296";"1";"9474"
"2018-06-25 00:00:05";"https://www.paypal.com/";"6098";"439";"1022";"1341";"3616";"46";"12562"
"2018-06-25 00:00:31";"https://www.cnn.com/";"7890";"66";"946";"8922";"23990";"343";"42157"
"2018-06-25 00:00:31";"https://www.elegantthemes.com/";"5833";"193";"1147";"1788";"4664";"80";"13705"
"2018-06-25 00:01:09";"https://www.123-reg.co.uk/";"3171";"5";"3191";"2241";"6983";"251";"15842"
"2018-06-25 00:01:10";"https://www.tripadvisor.com/";"2934";"289";"787";"789";"8332";"17";"13148"
"2018-06-25 00:01:25";"https://issuu.com/";"2172";"114";"796";"1208";"6195";"39";"10524"
"2018-06-25 00:01:30";"https://www.huffingtonpost.com/";"2701";"40";"2723";"3215";"10909";"11";"19599"
"2018-06-25 00:01:32";"http://www.stumbleupon.com/";"4293";"78";"615";"1287";"5007";"403";"11683"
"2018-06-25 00:01:38";"https://www.stumbleupon.com/";"282";"86";"283";"1077";"3289";"455";"5472"
"2018-06-25 00:02:36";"https://creativecommons.org/";"3411";"0";"804";"9080";"32353";"6";"45654"
"2018-06-25 00:03:07";"https://www.google.co.uk/";"23936";"143";"13701";"1044";"10481";"86";"49391"
"2018-06-25 00:03:10";"https://www.msn.com/";"17468";"177";"4568";"7144";"1379";"68";"30804"
"2018-06-25 00:03:26";"https://www.addtoany.com/";"19314";"40";"4754";"1321";"22667";"1";"48097"
"2018-06-25 00:03:27";"https://www.dropbox.com/";"24487";"262";"9152";"2536";"23492";"43";"59972"
"2018-06-25 00:03:28";"https://www.e-recht24.de/";"11348";"740";"19007";"4540";"4158";"307";"40100"
"2018-06-25 00:03:50";"https://aws.amazon.com/";"17679";"0";"10887";"30000";"17763";"62";"76391"
"2018-06-25 00:03:57";"https://www.opera.com/";"10711";"634";"19621";"3806";"29231";"7";"64010"
"2018-06-25 00:04:19";"https://www.bing.com/";"5905";"81";"370";"645";"375";"1";"7377"
"2018-06-25 00:04:24";"https://cpanel.com/";"1330";"65";"586";"1451";"4269";"6";"7707"
"2018-06-25 00:04:50";"https://www.livejournal.com/";"1612";"196";"779";"7564";"23147";"3";"33301"
"2018-06-25 00:05:50";"https://www.wikimedia.org/";"3886";"1685";"4823";"217";"5819";"0";"16430"
"2018-06-25 00:05:50";"https://weibo.com/";"1959";"941";"48";"2160";"49269";"131";"54508"
"2018-06-25 00:06:05";"http://www.typepad.com/";"4986";"405";"2374";"5855";"10433";"93";"24146"
"2018-06-25 00:06:36";"https://www.bloomberg.com/";"1964";"239";"642";"5387";"84892";"1339";"94463"
