2018-05-26 00:29:59,https://www.facebook.com/,2237,171,390,1093,1475,42,5408
2018-05-26 00:30:09,https://twitter.com/,267,130,221,1082,894,2,2596
2018-05-26 00:30:09,https://www.google.com/,352,103,299,671,1131,37,2593
2018-05-26 00:30:19,https://www.youtube.com/,278,67,1604,614,2434,3,5000
2018-05-26 00:30:30,https://www.linkedin.com/,343,808,104,1618,378,105,3356
2018-05-26 00:30:36,https://wordpress.org/,330,47,292,996,2051,1,3717
2018-05-26 00:30:41,https://www.instagram.com/,1023,103,201,2704,623,5,4659
2018-05-26 00:30:48,https://www.pinterest.com/,1290,591,47,871,6666,322,9787
2018-05-26 00:30:59,https://www.wikipedia.org/,909,37,702,660,3919,1,6228
2018-05-26 00:30:59,https://www.blogger.com/,1449,34,390,2401,447,0,4721
2018-05-26 00:31:02,https://wordpress.com/,437,51,945,459,5871,93,7856
2018-05-26 00:31:17,https://www.adobe.com/,385,232,310,6365,6137,402,13831
2018-05-26 00:31:35,https://www.apple.com/,534,30,695,5247,855,29,7390
2018-05-26 00:31:38,https://www.tumblr.com/,589,105,261,7830,1099,71,9955
2018-05-26 00:31:43,https://www.youtube.com/,943,98,1129,2428,2901,7,7506
2018-05-26 00:31:55,https://www.amazon.com/,595,113,918,2697,2250,18,6591
2018-05-26 00:31:59,https://goo.gl/,667,65,483,1091,761,1,3068
2018-05-26 00:32:15,https://www.microsoft.com/,950,164,356,2290,867,22,4649
2018-05-26 00:32:19,https://vimeo.com/,610,104,669,2978,7443,26,11830
2018-05-26 00:32:40,https://www.flickr.com/,939,120,339,388,6517,15,8318
2018-05-26 00:32:55,https://www.yahoo.com/,539,84,966,2057,9203,63,12912
2018-05-26 00:33:04,https://www.buydomains.com/,2198,1303,1183,1534,5941,21,12180
2018-05-26 00:33:10,http://www.qq.com/,1643,67,401,4952,7201,1,14265
2018-05-26 00:33:10,https://www.godaddy.com/,1202,178,687,778,2108,43,4996
2018-05-26 00:33:20,https://vk.com/,1203,176,701,4907,2081,65,9133
2018-05-26 00:33:29,https://www.reddit.com/,2299,817,1298,3071,6678,15,14178
2018-05-26 00:33:31,https://www.w3.org/,818,49,1228,695,2779,0,5569
2018-05-26 00:33:40,http://t.co/,83,45,1341,22,64,0,1555
2018-05-26 00:33:48,http://baidu.com/,38,21,1768,38,61,1,1927
2018-05-26 00:33:49,https://www.nytimes.com/,995,28,811,10764,6744,26,19368
2018-05-26 00:33:51,https://www.baidu.com/,739,255,154,2095,478,12,3733
2018-05-26 00:34:03,http://europa.eu/,15,1,787,3248,1190,3,5244
2018-05-26 00:34:07,https://www.gov.uk/,966,24,273,739,811,2,2815
2018-05-26 00:34:35,https://www.weebly.com/,1232,135,240,3833,3854,2,9296
2018-05-26 00:34:38,http://statcounter.com/,83,1553,2517,2889,2267,1,9310
2018-05-26 00:34:41,https://www.blogger.com/,3191,33,600,1755,600,0,6179
2018-05-26 00:34:50,https://soundcloud.com/,2288,152,614,3929,9308,2,16293
2018-05-26 00:34:59,http://www.bbc.com/,508,101,158,6019,6964,104,13854
2018-05-26 00:35:03,https://www.mozilla.org/,570,229,746,691,2607,2,4845
2018-05-26 00:35:06,https://github.com/,4320,82,1275,4810,1823,1,12311
2018-05-26 00:35:09,https://www.google.de/,4524,94,1685,933,2337,82,9655
2018-05-26 00:35:31,https://myspace.com/,1339,185,595,9371,14982,223,26695
2018-05-26 00:35:36,https://www.jimdo.com/,2137,127,633,1729,8848,1,13475
2018-05-26 00:35:45,https://wordpress.com/,1772,49,2200,388,3512,423,8344
2018-05-26 00:35:47,https://www.bluehost.com/,1395,867,383,3139,1402,7,7193
2018-05-26 00:36:05,https://www.addthis.com/,2129,67,739,1445,4377,217,8974
2018-05-26 00:36:21,https://www.theguardian.com/,1910,27,390,3024,23676,25,29052
2018-05-26 00:36:25,https://www.google.co.jp/,3953,91,1806,1052,3117,111,10130
2018-05-26 00:36:30,https://www.nih.gov/,1456,83,1747,2413,2397,30,8126
2018-05-26 00:36:32,https://www.wix.com/,3028,158,1014,4328,5410,3,13941
2018-05-26 00:36:34,http://en.gravatar.com/,1509,65,530,1872,695,0,4671
2018-05-26 00:36:38,http://ascii.co.uk/,294,117,2568,1727,5841,18,10565
2018-05-26 00:36:50,https://www.paypal.com/,2445,1432,339,796,4128,28,9168
2018-05-26 00:36:53,https://outlook.live.com/,2361,119,674,3301,945,1,7401
2018-05-26 00:37:16,https://www.cnn.com/,3186,26,452,5148,28364,234,37410
2018-05-26 00:37:17,https://www.elegantthemes.com/,1470,59,873,1106,2463,2,5973
2018-05-26 00:37:53,https://www.123-reg.co.uk/,1080,0,517,632,3885,477,6591
2018-05-26 00:37:58,https://www.tripadvisor.com/,1716,357,260,691,3616,26,6666
2018-05-26 00:38:23,https://issuu.com/,2307,1139,401,1640,8432,5,13924
2018-05-26 00:38:27,http://www.stumbleupon.com/,3395,79,298,1293,3537,272,8874
2018-05-26 00:38:32,https://www.huffingtonpost.com/,1077,26,610,4119,21749,78,27659
2018-05-26 00:38:35,https://www.stumbleupon.com/,79,81,594,1368,2889,182,5193
2018-05-26 00:39:06,http://digg.com/,95,163,1408,6713,18607,333,27319
2018-05-26 00:39:16,https://creativecommons.org/,3415,0,2838,5946,19025,2,31226
2018-05-26 00:39:26,https://www.google.co.uk/,7282,4950,858,55,6015,9,19169
2018-05-26 00:39:40,https://aws.amazon.com/,2861,0,588,14543,8618,41,26651
2018-05-26 00:39:46,https://www.parallels.com/,10911,5183,338,2548,24520,2,43502
2018-05-26 00:39:46,https://www.dropbox.com/,12516,144,1789,605,21187,132,36373
2018-05-26 00:40:07,https://www.addtoany.com/,23076,31,2173,587,12620,1,38488
2018-05-26 00:40:14,https://www.msn.com/,18772,169,2169,14387,1486,33,37016
2018-05-26 00:40:15,https://www.e-recht24.de/,4748,772,2739,11604,2423,446,22732
2018-05-26 00:40:18,https://www.opera.com/,5899,225,2951,1623,22354,99,33151
2018-05-26 00:40:19,http://go.com/,61,38,6570,6934,23069,10,36682
2018-05-26 00:40:38,https://www.etsy.com/,7182,450,2573,11312,181,0,21698
2018-05-26 00:41:01,https://archive.org/,5089,270,5039,4615,1801,103,16917
2018-05-26 00:41:02,https://cpanel.com/,5433,87,1835,981,5258,33,13627
2018-05-26 00:41:10,https://www.washingtonpost.com/,13041,302,1500,9865,24945,5405,55058
2018-05-26 00:41:18,https://www.xing.com/,2803,510,2042,3189,10704,2,19250
2018-05-26 00:41:39,https://www.eventbrite.com/,13531,555,2672,10944,31830,232,59764
2018-05-26 00:41:47,https://www.bing.com/,15970,317,2492,2927,101,29,21836
2018-05-26 00:41:52,https://fc2.com/,11718,107,12708,2567,8849,655,36604
2018-05-26 00:41:55,https://www.ebay.com/,11645,117,16293,6322,8204,152,42733
2018-05-26 00:42:04,https://sourceforge.net/,8851,388,13020,12793,28295,141,63488
2018-05-26 00:42:32,https://www.amazon.co.uk/,24253,170,7467,6773,43746,96,82505
2018-05-26 00:42:37,https://www.livejournal.com/,7199,163,3206,10867,36613,31,58079
2018-05-26 00:42:43,https://www.reuters.com/,8039,101,3602,20886,28942,520,62090
2018-05-26 00:43:37,http://www.typepad.com/,2835,142,114,950,1116,7,5164
