2018-06-05 22:23:07,https://www.facebook.com/,2414,257,404,1100,1655,38,5868
2018-06-05 22:23:16,https://twitter.com/,229,164,526,1381,736,1,3037
2018-06-05 22:23:16,https://www.google.com/,408,115,111,947,1478,35,3094
2018-06-05 22:23:32,https://www.youtube.com/,8119,78,634,2479,410,2,11722
2018-06-05 22:23:37,https://www.linkedin.com/,275,263,228,2765,796,178,4505
2018-06-05 22:23:45,https://wordpress.org/,657,84,460,1535,2976,1,5713
2018-06-05 22:23:47,https://www.instagram.com/,1260,99,271,3446,418,6,5500
2018-06-05 22:24:01,https://www.pinterest.com/,5718,1462,71,462,8046,105,15864
2018-06-05 22:24:03,https://www.wikipedia.org/,953,108,315,1017,7260,0,9653
2018-06-05 22:24:04,https://www.blogger.com/,2215,46,265,2839,881,1,6247
2018-06-05 22:24:04,https://wordpress.com/,937,56,455,4613,3077,62,9200
2018-06-05 22:24:13,https://www.adobe.com/,605,107,205,2962,2890,411,7180
2018-06-05 22:24:37,https://www.apple.com/,531,30,951,3845,1451,5,6813
2018-06-05 22:24:37,https://www.tumblr.com/,853,106,362,3869,1426,8,6624
2018-06-05 22:24:42,https://www.youtube.com/,676,65,591,2180,343,22,3877
2018-06-05 22:24:55,https://www.amazon.com/,862,127,520,1842,2733,13,6097
2018-06-05 22:24:58,https://goo.gl/,1142,74,409,1002,702,1,3330
2018-06-05 22:25:15,https://www.microsoft.com/,1957,372,371,2515,894,11,6120
2018-06-05 22:25:16,https://vimeo.com/,764,108,365,2853,5798,8,9896
2018-06-05 22:25:37,https://www.flickr.com/,1381,104,302,687,3346,5,5825
2018-06-05 22:26:00,https://www.yahoo.com/,1609,72,793,2589,13620,88,18771
2018-06-05 22:26:00,https://www.buydomains.com/,2859,226,591,1145,7710,68,12599
2018-06-05 22:26:08,https://www.godaddy.com/,1780,213,1432,695,697,6,4823
2018-06-05 22:26:10,http://www.qq.com/,2264,27,369,5813,9832,2,18307
2018-06-05 22:26:15,https://vk.com/,1183,176,564,4169,3988,50,10130
2018-06-05 22:26:28,https://www.w3.org/,3192,213,2214,473,3096,1,9189
2018-06-05 22:26:32,https://www.reddit.com/,2948,995,2955,1570,11959,10,20437
2018-06-05 22:26:37,http://t.co/,188,46,1509,45,101,0,1889
2018-06-05 22:26:43,http://baidu.com/,45,102,1881,7,57,0,2092
2018-06-05 22:26:47,http://www.baidu.com/,609,338,175,2115,330,15,3582
2018-06-05 22:26:51,https://www.nytimes.com/,1944,70,501,8457,17393,16,28381
2018-06-05 22:26:58,http://europa.eu/,47,19,2091,803,1896,3,4859
2018-06-05 22:27:02,https://www.gov.uk/,2077,45,150,1313,570,1,4156
2018-06-05 22:27:33,http://statcounter.com/,2459,5527,37,2566,1156,0,11745
2018-06-05 22:27:36,https://www.blogger.com/,6259,52,342,1399,420,0,8472
2018-06-05 22:27:49,https://soundcloud.com/,4887,170,391,4052,13857,1,23358
2018-06-05 22:27:53,http://www.bbc.com/,842,52,60,4868,8765,53,14640
2018-06-05 22:27:53,https://www.mozilla.org/,6271,168,1069,922,2559,10,10999
2018-06-05 22:27:55,https://github.com/,2146,167,703,5151,2227,3,10397
2018-06-05 22:27:59,https://www.google.de/,4410,105,2368,666,2136,112,9797
2018-06-05 22:28:17,https://myspace.com/,2021,511,967,5776,13000,265,22540
2018-06-05 22:28:22,https://www.jimdo.com/,2641,130,726,2507,4341,6,10351
2018-06-05 22:28:25,https://yandex.ru/,3364,305,2983,6576,2438,37,15703
2018-06-05 22:28:46,https://www.bluehost.com/,5318,818,2128,2092,4677,4,15037
2018-06-05 22:28:48,https://wordpress.com/,7773,59,1932,817,10657,99,21337
2018-06-05 22:28:51,https://www.addthis.com/,1916,159,908,1773,1567,5,6328
2018-06-05 22:29:18,https://www.theguardian.com/,6937,311,549,5829,23530,122,37278
2018-06-05 22:29:23,https://www.google.co.jp/,9333,108,5898,893,3807,14,20053
2018-06-05 22:29:27,http://en.gravatar.com/,2582,140,1032,3257,3745,0,10756
2018-06-05 22:29:33,https://www.nih.gov/,8488,172,1192,3214,12990,7,26063
2018-06-05 22:29:37,https://www.wix.com/,5807,92,5853,5629,14545,219,32145
2018-06-05 22:29:38,https://www.paypal.com/,6866,287,610,1127,1267,131,10288
2018-06-05 22:29:39,https://outlook.live.com/,3594,284,264,4262,909,1,9314
2018-06-05 22:29:41,http://ascii.co.uk/,203,102,4991,1567,23471,22,30356
2018-06-05 22:30:00,https://www.elegantthemes.com/,2907,57,488,2663,2286,1,8402
2018-06-05 22:30:34,https://www.123-reg.co.uk/,2057,163,410,611,3259,264,6764
2018-06-05 22:30:40,https://www.tripadvisor.com/,2707,1550,120,910,2779,34,8100
2018-06-05 22:31:03,https://issuu.com/,2641,111,556,1812,11594,16,16730
2018-06-05 22:31:03,https://www.huffingtonpost.com/,2889,25,2891,4390,9711,10,19916
2018-06-05 22:31:07,http://www.stumbleupon.com/,4475,99,318,1397,2840,168,9297
2018-06-05 22:31:10,https://www.stumbleupon.com/,32,104,554,810,1537,89,3126
2018-06-05 22:32:23,https://www.google.co.uk/,13213,415,3699,651,19177,15,37170
2018-06-05 22:32:34,https://www.dropbox.com/,10055,138,19361,71,16299,27,45951
2018-06-05 22:32:52,https://www.addtoany.com/,19072,43,8497,1194,16765,2,45573
2018-06-05 22:32:53,https://www.opera.com/,17776,57,7524,912,436,9559,36264
2018-06-05 22:33:01,https://www.e-recht24.de/,15001,591,17286,1985,1916,170,36949
2018-06-05 22:33:16,https://www.etsy.com/,7091,365,3101,7095,5892,1,23545
2018-06-05 22:33:25,https://archive.org/,6177,202,7019,1706,1568,9,16681
2018-06-05 22:34:36,https://www.livejournal.com/,4031,182,123,1575,17515,159,23585
2018-06-05 22:35:06,https://weibo.com/,1290,1583,318,7360,25503,3,36057
2018-06-05 22:35:11,https://www.wikimedia.org/,1384,1,607,399,1050,0,3441
2018-06-05 22:35:23,https://www.bloomberg.com/,696,56,402,2874,43129,675,47832
2018-06-05 22:35:24,http://www.typepad.com/,1853,146,73,2675,3601,146,8494
2018-06-05 22:36:10,https://www.aol.com/,1270,223,667,13233,40530,913,56836
