2018-05-29 22:01:28,https://www.dropbox.com/,15270,169,3524,751,30952,70,50736
2018-05-29 22:05:05,https://www.facebook.com/,2209,706,159,879,1305,41,5299
2018-05-29 22:05:14,https://twitter.com/,216,102,235,1003,930,10,2496
2018-05-29 22:05:16,https://www.google.com/,339,127,253,877,2109,17,3722
2018-05-29 22:05:25,https://www.youtube.com/,371,72,637,3803,474,11,5368
2018-05-29 22:05:39,https://www.linkedin.com/,308,1833,184,4219,871,304,7719
2018-05-29 22:05:44,https://wordpress.org/,579,50,565,2061,2800,0,6055
2018-05-29 22:05:47,https://www.instagram.com/,1041,104,407,3200,447,14,5213
2018-05-29 22:06:00,https://www.wikipedia.org/,1123,38,568,3637,333,0,5699
2018-05-29 22:06:01,https://www.pinterest.com/,1162,704,55,1321,13161,318,16721
2018-05-29 22:06:04,https://www.blogger.com/,2072,43,487,2634,631,0,5867
2018-05-29 22:06:06,https://wordpress.com/,1409,46,1145,623,5725,493,9441
2018-05-29 22:06:20,https://www.adobe.com/,445,40,549,6804,5314,389,13541
2018-05-29 22:06:36,https://www.apple.com/,503,92,593,5011,804,51,7054
2018-05-29 22:06:40,https://www.tumblr.com/,581,106,286,8109,1119,23,10224
2018-05-29 22:06:42,https://www.youtube.com/,917,73,640,3657,978,25,6290
2018-05-29 22:06:57,https://www.amazon.com/,677,1510,151,2005,5709,120,10172
2018-05-29 22:06:59,https://goo.gl/,601,80,500,1787,534,6,3508
2018-05-29 22:07:18,https://www.microsoft.com/,1503,416,378,1375,2637,20,6329
2018-05-29 22:07:19,https://vimeo.com/,641,114,392,2374,10397,28,13946
2018-05-29 22:07:41,https://www.flickr.com/,1113,136,318,376,9251,20,11214
2018-05-29 22:08:01,https://www.buydomains.com/,970,401,1068,2061,9068,169,13737
2018-05-29 22:08:07,https://www.godaddy.com/,1309,227,1344,845,2693,34,6452
2018-05-29 22:08:21,https://vk.com/,2740,176,912,5558,4184,190,13760
2018-05-29 22:08:35,https://www.w3.org/,5927,215,1348,3967,486,0,11943
2018-05-29 22:08:36,http://t.co/,127,53,2850,148,419,0,3597
2018-05-29 22:08:41,http://baidu.com/,58,43,2203,43,115,0,2462
2018-05-29 22:08:44,https://www.baidu.com/,729,300,521,1345,407,6,3308
2018-05-29 22:08:45,https://www.reddit.com/,3349,483,1160,2177,28296,41,35506
2018-05-29 22:09:05,http://europa.eu/,27,12,1611,331,12089,3,14073
2018-05-29 22:09:06,https://www.gov.uk/,6771,89,348,1059,901,1,9169
2018-05-29 22:09:06,https://www.nytimes.com/,1657,79,1305,12516,24604,39,40200
2018-05-29 22:09:28,http://statcounter.com/,68,297,2119,2227,3827,1,8539
2018-05-29 22:09:31,https://www.weebly.com/,1347,184,323,3837,10271,2,15964
2018-05-29 22:09:32,https://www.blogger.com/,3307,31,821,1427,594,1,6181
2018-05-29 22:09:44,https://soundcloud.com/,3273,172,627,3303,13102,6,20483
2018-05-29 22:09:53,https://www.mozilla.org/,733,31,436,1347,2494,1,5042
2018-05-29 22:09:56,https://github.com/,1521,108,1178,6228,3205,3,12243
2018-05-29 22:10:00,http://www.bbc.com/,867,384,667,10212,18035,149,30314
2018-05-29 22:10:07,https://www.google.de/,6131,97,3219,1176,7038,83,17744
2018-05-29 22:10:19,https://www.jimdo.com/,2396,132,1028,1548,4015,55,9174
2018-05-29 22:10:23,https://yandex.ru/,1665,312,2864,6956,4165,16,15978
2018-05-29 22:10:40,https://www.bluehost.com/,2882,266,822,4865,2081,13,10929
2018-05-29 22:10:44,https://wordpress.com/,5554,47,899,948,11026,376,18850
2018-05-29 22:10:46,https://www.addthis.com/,1444,10,457,2506,542,13,4972
2018-05-29 22:11:22,http://en.gravatar.com/,2177,245,1600,3644,1173,0,8839
2018-05-29 22:11:23,https://www.nih.gov/,7713,49,1189,5899,1327,67,16244
2018-05-29 22:11:23,https://www.google.co.jp/,5489,132,8277,1603,8052,56,23609
2018-05-29 22:11:29,http://ascii.co.uk/,277,105,2568,3206,10475,12,16643
2018-05-29 22:11:30,https://www.wix.com/,3186,219,7760,1560,15683,181,28589
2018-05-29 22:11:36,https://www.paypal.com/,5047,307,1212,749,2292,64,9671
2018-05-29 22:11:36,https://outlook.live.com/,2128,81,1003,4517,1027,1,8757
2018-05-29 22:11:58,https://www.elegantthemes.com/,3048,61,786,2123,2224,2,8244
2018-05-29 22:12:31,https://www.123-reg.co.uk/,1452,18,531,629,4039,459,7128
2018-05-29 22:12:36,https://www.tripadvisor.com/,2163,817,217,494,3571,21,7283
2018-05-29 22:12:57,https://issuu.com/,2630,91,796,2421,5630,10,11578
2018-05-29 22:13:03,http://www.stumbleupon.com/,3921,80,550,801,3773,299,9424
2018-05-29 22:13:05,https://www.huffingtonpost.com/,1623,41,823,2951,18466,47,23951
2018-05-29 22:13:07,https://www.stumbleupon.com/,96,85,79,470,2732,253,3715
2018-05-29 22:13:42,http://digg.com/,157,245,1896,5855,20762,495,29410
2018-05-29 22:13:47,https://creativecommons.org/,4252,27,2881,7669,11389,1,26219
2018-05-29 22:14:12,https://www.google.co.uk/,9181,92,2104,1844,11411,130,24762
2018-05-29 22:14:17,https://www.dropbox.com/,6406,141,1748,415,22043,76,30829
2018-05-29 22:14:21,https://aws.amazon.com/,3374,56,2259,11959,15040,13,32701
2018-05-29 22:14:22,https://www.parallels.com/,12146,220,2119,3321,32020,18,49844
2018-05-29 22:14:46,https://www.addtoany.com/,21779,30,10431,241,5553,1,38035
2018-05-29 22:14:47,https://www.e-recht24.de/,7488,533,8513,3326,4122,493,24475
2018-05-29 22:14:47,https://www.opera.com/,8723,18,9166,1502,564,7729,27702
2018-05-29 22:14:48,https://www.msn.com/,15008,178,11114,7663,981,26,34970
2018-05-29 22:15:30,https://cpanel.com/,6539,58,1907,1668,4646,4,14822
2018-05-29 22:15:30,https://archive.org/,6068,271,6366,3134,5222,4,21065
2018-05-29 22:15:46,https://www.xing.com/,2203,641,1034,6179,18687,2,28746
2018-05-29 22:16:01,https://www.ebay.com/,7627,107,3772,2664,985,67,15222
2018-05-29 22:16:02,http://www.free.fr/,5751,19,9077,1704,1394,1,17946
2018-05-29 22:16:06,https://www.bing.com/,12942,238,6332,523,875,1,20911
2018-05-29 22:16:13,https://sourceforge.net/,7749,294,15570,8099,20218,60,51990
2018-05-29 22:16:30,https://cpanel.com/,10047,21,3097,2163,11617,5,26950
2018-05-29 22:16:50,https://www.reuters.com/,8674,173,3142,14925,25203,273,52390
2018-05-29 22:17:23,https://www.wikimedia.org/,10569,9,1818,169,2599,0,15164
2018-05-29 22:17:24,http://www.typepad.com/,3255,80,989,805,4236,46,9411
2018-05-29 22:17:26,https://www.bloomberg.com/,3735,34,1605,1234,39303,283,46194
2018-05-29 22:18:04,https://www.aol.com/,5593,584,1898,8403,34349,848,51675
