"2018-05-26 23:49:59";"https://www.facebook.com/";"2268";"333";"361";"1205";"1199";"40";"5406"
"2018-05-26 23:50:08";"https://twitter.com/";"211";"143";"195";"948";"988";"0";"2485"
"2018-05-26 23:50:09";"https://www.google.com/";"335";"110";"304";"652";"1042";"34";"2477"
"2018-05-26 23:50:20";"https://www.youtube.com/";"3819";"94";"1114";"906";"190";"2";"6125"
"2018-05-26 23:50:33";"https://www.linkedin.com/";"316";"4386";"226";"2368";"718";"337";"8351"
"2018-05-26 23:50:36";"https://wordpress.org/";"414";"23";"449";"1620";"2053";"0";"4559"
"2018-05-26 23:50:40";"https://www.instagram.com/";"1316";"190";"245";"2181";"318";"14";"4264"
"2018-05-26 23:50:43";"https://www.pinterest.com/";"740";"213";"65";"543";"4850";"107";"6518"
"2018-05-26 23:50:50";"https://www.wikipedia.org/";"517";"36";"310";"2531";"438";"0";"3832"
"2018-05-26 23:50:54";"https://www.blogger.com/";"978";"31";"253";"1234";"284";"0";"2780"
"2018-05-26 23:50:59";"https://wordpress.com/";"720";"47";"576";"2112";"5430";"387";"9272"
"2018-05-26 23:51:13";"https://www.adobe.com/";"651";"1";"393";"6104";"5924";"507";"13580"
"2018-05-26 23:51:29";"https://www.apple.com/";"522";"181";"583";"5251";"540";"23";"7100"
"2018-05-26 23:51:33";"https://www.tumblr.com/";"618";"146";"275";"7676";"1229";"8";"9952"
"2018-05-26 23:51:35";"https://www.youtube.com/";"980";"75";"1081";"2103";"491";"27";"4757"
"2018-05-26 23:51:47";"https://www.amazon.com/";"582";"110";"668";"1696";"2679";"27";"5762"
"2018-05-26 23:51:51";"https://goo.gl/";"759";"90";"396";"936";"666";"1";"2848"
"2018-05-26 23:52:09";"https://www.microsoft.com/";"1275";"167";"345";"2546";"372";"40";"4745"
"2018-05-26 23:52:09";"https://vimeo.com/";"497";"109";"380";"2558";"6622";"38";"10204"
"2018-05-26 23:52:31";"https://www.flickr.com/";"991";"117";"343";"363";"5594";"52";"7460"
"2018-05-26 23:52:51";"https://www.yahoo.com/";"693";"103";"680";"5525";"10428";"174";"17603"
"2018-05-26 23:53:01";"https://www.buydomains.com/";"4120";"303";"1102";"1694";"11194";"221";"18634"
"2018-05-26 23:53:03";"http://www.qq.com/";"1669";"42";"199";"6768";"9619";"1";"18298"
"2018-05-26 23:53:04";"https://www.godaddy.com/";"1654";"187";"1497";"2510";"1077";"89";"7014"
"2018-05-26 23:53:07";"https://vk.com/";"1061";"179";"858";"4707";"1904";"142";"8851"
"2018-05-26 23:53:20";"https://www.w3.org/";"2950";"1";"801";"2561";"299";"0";"6612"
"2018-05-26 23:53:28";"http://t.co/";"101";"47";"1986";"149";"242";"0";"2525"
"2018-05-26 23:53:37";"http://baidu.com/";"191";"7";"2062";"63";"91";"0";"2414"
"2018-05-26 23:53:38";"https://www.reddit.com/";"1777";"714";"4966";"2436";"22999";"29";"32921"
"2018-05-26 23:53:40";"https://www.baidu.com/";"924";"328";"170";"1142";"847";"5";"3416"
"2018-05-26 23:53:49";"https://www.nytimes.com/";"2562";"49";"663";"16362";"11944";"44";"31624"
"2018-05-26 23:53:50";"http://europa.eu/";"55";"118";"998";"1433";"1487";"12";"4103"
"2018-05-26 23:53:54";"https://www.gov.uk/";"894";"0";"380";"823";"1059";"1";"3157"
"2018-05-26 23:54:21";"http://statcounter.com/";"99";"198";"1989";"2113";"3604";"0";"8003"
"2018-05-26 23:54:22";"https://www.weebly.com/";"1218";"184";"339";"3637";"7244";"2";"12624"
"2018-05-26 23:54:25";"https://www.blogger.com/";"2943";"78";"510";"1963";"286";"1";"5781"
"2018-05-26 23:54:40";"https://soundcloud.com/";"3081";"627";"983";"3848";"13814";"1";"22354"
"2018-05-26 23:54:47";"https://github.com/";"2568";"194";"1011";"3886";"2499";"2";"10160"
"2018-05-26 23:54:47";"https://www.mozilla.org/";"755";"0";"2168";"658";"1185";"1";"4767"
"2018-05-26 23:54:49";"http://www.bbc.com/";"1762";"22";"335";"5847";"11130";"52";"19148"
"2018-05-26 23:54:51";"https://www.google.de/";"3901";"110";"1545";"868";"3287";"15";"9726"
"2018-05-26 23:55:07";"https://yandex.ru/";"1457";"318";"1028";"4534";"666";"4";"8007"
"2018-05-26 23:55:07";"https://www.jimdo.com/";"1033";"115";"318";"780";"4621";"1";"6868"
"2018-05-26 23:55:25";"https://wordpress.com/";"1133";"46";"336";"1856";"4164";"327";"7862"
"2018-05-26 23:55:30";"https://www.bluehost.com/";"1786";"340";"316";"3884";"2463";"32";"8821"
"2018-05-26 23:55:41";"https://www.addthis.com/";"1164";"0";"378";"1149";"4511";"211";"7413"
"2018-05-26 23:56:04";"https://www.theguardian.com/";"3682";"92";"529";"5986";"18380";"5";"28674"
"2018-05-26 23:56:06";"https://www.nih.gov/";"2384";"44";"1564";"1375";"868";"11";"6246"
"2018-05-26 23:56:07";"https://www.google.co.jp/";"3208";"90";"3730";"1020";"5090";"43";"13181"
"2018-05-26 23:56:10";"http://en.gravatar.com/";"2707";"61";"528";"1693";"606";"0";"5595"
"2018-05-26 23:56:10";"https://www.wix.com/";"3453";"94";"1090";"4529";"5622";"3";"14791"
"2018-05-26 23:56:15";"http://ascii.co.uk/";"496";"118";"2511";"3208";"6967";"48";"13348"
"2018-05-26 23:56:25";"https://www.paypal.com/";"3747";"435";"1058";"746";"1470";"36";"7492"
"2018-05-26 23:56:27";"https://outlook.live.com/";"1274";"200";"1050";"4134";"939";"1";"7598"
"2018-05-26 23:56:45";"https://www.cnn.com/";"3580";"44";"1913";"8050";"11575";"330";"25492"
"2018-05-26 23:56:53";"https://www.elegantthemes.com/";"2279";"105";"517";"1063";"3164";"13";"7141"
"2018-05-26 23:57:25";"https://www.123-reg.co.uk/";"1579";"136";"313";"467";"3969";"551";"7015"
"2018-05-26 23:57:31";"https://www.tripadvisor.com/";"1861";"1369";"213";"479";"3157";"41";"7120"
"2018-05-26 23:57:53";"https://issuu.com/";"2657";"90";"773";"2582";"7386";"10";"13498"
"2018-05-26 23:57:58";"http://www.stumbleupon.com/";"3745";"83";"729";"1066";"3667";"264";"9554"
"2018-05-26 23:58:00";"https://www.huffingtonpost.com/";"1309";"28";"848";"3408";"18913";"34";"24540"
"2018-05-26 23:58:02";"https://www.stumbleupon.com/";"51";"95";"332";"433";"2630";"164";"3705"
"2018-05-26 23:58:33";"http://digg.com/";"107";"167";"1401";"5467";"19218";"72";"26432"
"2018-05-26 23:58:36";"https://creativecommons.org/";"2161";"0";"765";"14129";"6516";"1";"23572"
"2018-05-26 23:58:38";"https://www.google.co.uk/";"7485";"97";"1529";"566";"3803";"49";"13529"
"2018-05-26 23:58:52";"https://www.parallels.com/";"8424";"1";"4245";"1964";"9813";"66";"24513"
"2018-05-26 23:58:57";"https://www.dropbox.com/";"5768";"296";"1386";"405";"12620";"41";"20516"
"2018-05-26 23:58:58";"https://aws.amazon.com/";"2729";"274";"1287";"9946";"8802";"53";"23091"
"2018-05-26 23:59:02";"https://www.imdb.com/";"7730";"322";"5776";"9993";"16851";"14";"40686"
"2018-05-26 23:59:14";"https://www.addtoany.com/";"13426";"84";"4052";"378";"6308";"2";"24250"
"2018-05-26 23:59:24";"https://www.opera.com/";"5016";"123";"2846";"2660";"1539";"994";"13178"
"2018-05-26 23:59:24";"https://www.msn.com/";"8893";"166";"4670";"7951";"3026";"12";"24718"
"2018-05-26 23:59:28";"https://www.e-recht24.de/";"4998";"471";"2866";"5547";"4682";"501";"19065"
"2018-05-26 23:59:39";"http://go.com/";"225";"44";"3683";"8632";"27819";"35";"40438"
"2018-05-26 23:59:45";"https://www.etsy.com/";"2755";"264";"1252";"7668";"945";"0";"12884"
"2018-05-27 00:00:04";"https://archive.org/";"2610";"264";"1025";"2029";"3342";"27";"9297"
"2018-05-27 00:00:07";"https://www.eventbrite.com/";"2823";"485";"3031";"6207";"6760";"154";"19460"
"2018-05-27 00:00:13";"https://cpanel.com/";"6935";"104";"895";"1102";"1825";"5";"10866"
"2018-05-27 00:00:25";"https://www.xing.com/";"2031";"357";"775";"3656";"8566";"3";"15388"
"2018-05-27 00:00:50";"https://www.ebay.com/";"4887";"132";"3279";"4645";"1702";"276";"14921"
"2018-05-27 00:00:55";"http://www.free.fr/";"2741";"339";"4310";"3639";"1803";"0";"12832"
"2018-05-27 00:01:01";"https://ameblo.jp/";"6352";"187";"6201";"6353";"15547";"1";"34641"
"2018-05-27 00:01:03";"https://fc2.com/";"3008";"107";"5203";"2131";"24634";"121";"35204"
"2018-05-27 00:01:07";"https://www.amazon.co.uk/";"9693";"440";"3805";"15706";"13764";"50";"43458"
"2018-05-27 00:01:08";"https://www.bing.com/";"22077";"83";"4101";"2101";"79";"35";"28476"
"2018-05-27 00:01:13";"https://sourceforge.net/";"4048";"238";"11155";"9954";"32649";"90";"58134"
"2018-05-27 00:01:22";"https://cpanel.com/";"8883";"54";"3548";"1505";"9417";"5";"23412"
"2018-05-27 00:02:08";"https://weibo.com/";"17551";"904";"5035";"5544";"8672";"6";"37712"
"2018-05-27 00:02:17";"https://www.wikimedia.org/";"9089";"32";"2442";"147";"2074";"1";"13785"
"2018-05-27 00:02:18";"http://www.typepad.com/";"2900";"156";"1578";"1677";"2083";"56";"8450"
