2018-05-30 20:03:08,https://www.facebook.com/,3669,1240,247,1087,3761,239,10243
2018-05-30 20:03:10,https://twitter.com/,362,134,646,1706,1280,1,4129
2018-05-30 20:03:10,https://www.google.com/,466,105,327,1352,1962,58,4270
2018-05-30 20:03:24,https://www.youtube.com/,592,77,626,1741,8219,2,11257
2018-05-30 20:03:26,https://www.linkedin.com/,590,274,265,7371,689,260,9449
2018-05-30 20:03:28,https://wordpress.org/,956,26,475,1886,3251,0,6594
2018-05-30 20:03:35,https://www.instagram.com/,2318,107,697,6823,309,2,10256
2018-05-30 20:03:44,https://www.blogger.com/,3489,35,467,5016,563,0,9570
2018-05-30 20:03:50,https://www.wikipedia.org/,3347,38,859,1365,11118,0,16727
2018-05-30 20:03:52,https://wordpress.com/,1776,53,717,846,13696,764,17852
2018-05-30 20:03:56,https://www.pinterest.com/,2805,411,505,2162,23403,212,29498
2018-05-30 20:04:03,https://www.adobe.com/,1102,1,657,16442,2982,587,21771
2018-05-30 20:04:15,https://www.apple.com/,1811,254,1861,13223,652,140,17941
2018-05-30 20:04:16,https://www.tumblr.com/,4429,146,1042,14179,1166,24,20986
2018-05-30 20:04:19,https://goo.gl/,3116,63,4902,1269,1765,0,11115
2018-05-30 20:04:29,https://www.microsoft.com/,3450,290,1371,3959,2564,14,11648
2018-05-30 20:04:29,https://www.youtube.com/,1807,244,994,12419,14885,1,30350
2018-05-30 20:04:48,https://www.godaddy.com/,1777,195,398,3470,1096,43,6979
2018-05-30 20:04:50,https://vk.com/,1024,212,394,4997,1747,223,8597
2018-05-30 20:04:57,https://www.w3.org/,804,0,537,3751,793,0,5885
2018-05-30 20:05:01,http://t.co/,147,59,973,17,115,33,1344
2018-05-30 20:05:05,http://baidu.com/,45,0,771,3,84,1,904
2018-05-30 20:05:12,https://www.baidu.com/,576,721,378,3663,728,24,6090
2018-05-30 20:05:17,http://europa.eu/,691,759,334,770,3490,2,6046
2018-05-30 20:05:20,https://www.gov.uk/,1257,0,621,3208,968,24,6078
2018-05-30 20:05:50,http://statcounter.com/,97,904,2691,5589,8809,0,18090
2018-05-30 20:06:05,https://www.weebly.com/,4809,242,6270,9696,7403,2,28422
2018-05-30 20:06:06,https://www.nytimes.com/,982,148,663,15308,47759,210,65070
2018-05-30 20:06:06,https://www.blogger.com/,15622,33,3233,7123,1693,0,27704
2018-05-30 20:06:08,https://www.mozilla.org/,11651,29,3119,4627,5147,2,24575
2018-05-30 20:06:12,https://github.com/,3320,209,5803,7301,9279,1,25913
2018-05-30 20:06:12,https://www.google.de/,6655,116,2405,3231,10751,80,23238
2018-05-30 20:06:17,https://www.reddit.com/,856,896,6184,3263,77650,33,88882
2018-05-30 20:06:42,https://www.jimdo.com/,5874,427,9048,7592,10109,46,33096
2018-05-30 20:06:57,https://www.bluehost.com/,7610,653,9776,5940,17478,1332,42789
2018-05-30 20:06:58,http://en.gravatar.com/,9782,64,3292,2772,1412,0,17322
2018-05-30 20:07:01,https://www.addthis.com/,3363,406,5880,4234,28401,2204,44488
2018-05-30 20:07:03,https://www.google.co.jp/,18453,215,8596,1377,9207,13,37861
2018-05-30 20:07:04,https://wordpress.com/,10762,580,6157,2697,36214,451,56861
2018-05-30 20:07:12,https://www.paypal.com/,13360,625,2527,5151,717,95,22475
2018-05-30 20:07:13,https://www.nih.gov/,14909,55,7795,10376,3389,110,36634
2018-05-30 20:07:22,https://www.elegantthemes.com/,8466,767,1948,5856,5154,25,22216
2018-05-30 20:07:33,https://outlook.live.com/,3591,155,7582,17351,16217,1,44897
2018-05-30 20:08:15,https://www.opera.com/,3021,79,394,535,1321,99,5449
2018-05-30 20:08:23,https://www.e-recht24.de/,3959,461,469,6285,2814,326,14314
2018-05-30 20:08:32,http://go.com/,2370,60,1452,5215,13928,63,23088
2018-05-30 20:08:41,https://www.etsy.com/,719,226,366,11206,4188,1,16706
2018-05-30 20:08:52,https://archive.org/,960,263,745,7043,2992,261,12264
2018-05-30 20:08:54,https://cpanel.com/,1923,110,490,2339,6577,44,11483
2018-05-30 20:09:03,https://www.xing.com/,1504,433,600,5202,4588,26,12353
2018-05-30 20:09:17,https://www.eventbrite.com/,1074,628,1086,13065,22853,242,38948
2018-05-30 20:09:19,https://www.washingtonpost.com/,614,83,327,8223,43525,4874,57646
2018-05-30 20:09:23,https://sourceforge.net/,3016,245,8168,8932,11415,218,31994
2018-05-30 20:09:24,https://www.bing.com/,9254,1040,2288,534,1919,2,15037
2018-05-30 20:09:34,http://www.free.fr/,5117,88,5423,5148,9657,0,25433
2018-05-30 20:09:37,https://cpanel.com/,5484,60,3229,2923,13267,5,24968
2018-05-30 20:09:39,https://ameblo.jp/,5704,275,11354,4202,19981,1,41517
2018-05-30 20:09:40,https://fc2.com/,5759,310,8529,4360,18162,259,37379
2018-05-30 20:09:41,https://www.ebay.com/,7255,184,8822,7344,15641,53,39299
2018-05-30 20:09:46,https://www.amazon.co.uk/,11003,531,8658,9895,16381,81,46549
2018-05-30 20:10:10,http://www.typepad.com/,4631,175,1220,1870,4733,1,12630
2018-05-30 20:10:11,https://www.wikimedia.org/,11477,918,1346,102,6714,1,20558
